Core/Plugins/test/Core.Plugins.SharpMapGis.Test/test-data/NewOrleans2D/dm1h0005.asc
ncols              277
nrows              231
xllcorner       391240.830
yllcorner       3340223.416
cellsize             85.065
NODATA_value       -999.9990
[rows 26 to 51 of 231, columns 60 to 119 of 277]
4.5007 4.5009 4.5010 4.5012 4.5014 4.5016 4.5018 4.5019 4.5021 4.5023 4.5025 4.5026 4.5028 4.5029 4.5031 4.5032 4.5034 4.5035 4.5036 4.5038 4.5039 4.5040 4.5040 4.5041 4.5042 4.5042 4.5043 4.5043 4.5043 4.5043 4.5043 4.5043 4.5043 4.5043 4.5043 4.5042 4.5041 4.5040 4.5039 4.5038 4.5036 4.5033 4.5031 4.5027 4.5023 4.5018 4.5012 4.5005 4.4997 4.4989 4.4981 4.4974 4.4968 4.4961 4.4944 4.4902 4.4822 4.4712 4.4648 4.4697
4.5008 4.5009 4.5011 4.5013 4.5015 4.5017 4.5019 4.5021 4.5023 4.5024 4.5026 4.5028 4.5030 4.5032 4.5033 4.5035 4.5036 4.5038 4.5039 4.5040 4.5041 4.5042 4.5043 4.5044 4.5045 4.5045 4.5046 4.5046 4.5047 4.5047 4.5047 4.5047 4.5047 4.5046 4.5046 4.5045 4.5045 4.5044 4.5042 4.5041 4.5039 4.5037 4.5034 4.5030 4.5026 4.5021 4.5015 4.5008 4.5000 4.4992 4.4985 4.4980 4.4975 4.4968 4.4944 4.4873 4.4707 4.4429 4.4119 4.4412
4.5008 4.5010 4.5012 4.5014 4.5016 4.5018 4.5020 4.5022 4.5024 4.5026 4.5028 4.5030 4.5032 4.5033 4.5035 4.5037 4.5038 4.5040 4.5041 4.5043 4.5044 4.5045 4.5046 4.5047 4.5048 4.5048 4.5049 4.5049 4.5050 4.5050 4.5050 4.5050 4.5050 4.5050 4.5049 4.5049 4.5048 4.5047 4.5046 4.5044 4.5042 4.5040 4.5037 4.5033 4.5029 4.5024 4.5018 4.5011 4.5004 4.4996 4.4990 4.4985 4.4983 4.4977 4.4949 4.4857 4.4585 4.4012 3.9953 4.3968
4.5009 4.5011 4.5013 4.5015 4.5017 4.5019 4.5021 4.5023 4.5025 4.5027 4.5029 4.5031 4.5033 4.5035 4.5037 4.5039 4.5040 4.5042 4.5044 4.5045 4.5046 4.5048 4.5049 4.5050 4.5050 4.5051 4.5052 4.5052 4.5053 4.5053 4.5053 4.5053 4.5053 4.5053 4.5052 4.5052 4.5051 4.5050 4.5049 4.5047 4.5045 4.5043 4.5040 4.5037 4.5033 4.5028 4.5022 4.5015 4.5008 4.5001 4.4995 4.4991 4.4989 4.4983 4.4956 4.4844 4.4536 4.4362 4.4248 4.4361
4.5010 4.5012 4.5014 4.5016 4.5018 4.5020 4.5022 4.5025 4.5027 4.5029 4.5031 4.5033 4.5035 4.5037 4.5039 4.5041 4.5042 4.5044 4.5046 4.5047 4.5049 4.5050 4.5051 4.5052 4.5053 4.5054 4.5054 4.5055 4.5055 4.5055 4.5056 4.5056 4.5056 4.5055 4.5055 4.5055 4.5054 4.5053 4.5052 4.5050 4.5048 4.5046 4.5043 4.5040 4.5036 4.5031 4.5026 4.5019 4.5012 4.5005 4.4999 4.4995 4.4993 4.4992 4.4985 4.4971 -999.9990 -999.9990 -999.9990 -999.9990
4.5010 4.5012 4.5014 4.5017 4.5019 4.5021 4.5023 4.5026 4.5028 4.5030 4.5032 4.5034 4.5036 4.5038 4.5040 4.5042 4.5044 4.5046 4.5048 4.5049 4.5051 4.5052 4.5053 4.5054 4.5055 4.5056 4.5057 4.5057 4.5058 4.5058 4.5058 4.5058 4.5058 4.5058 4.5058 4.5057 4.5057 4.5056 4.5055 4.5053 4.5051 4.5049 4.5047 4.5043 4.5040 4.5035 4.5030 4.5024 4.5017 4.5010 4.5004 4.4999 4.4997 4.4997 4.4997 4.4998 -999.9990 -999.9990 -999.9990 -999.9990
4.5011 4.5013 4.5015 4.5017 4.5020 4.5022 4.5024 4.5026 4.5029 4.5031 4.5033 4.5036 4.5038 4.5040 4.5042 4.5044 4.5046 4.5047 4.5049 4.5051 4.5052 4.5054 4.5055 4.5056 4.5057 4.5058 4.5059 4.5059 4.5060 4.5060 4.5060 4.5060 4.5060 4.5060 4.5060 4.5060 4.5059 4.5059 4.5057 4.5056 4.5054 4.5052 4.5050 4.5047 4.5043 4.5039 4.5034 4.5028 4.5022 4.5015 4.5008 4.5003 4.5000 4.4999 4.5000 4.5002 -999.9990 -999.9990 -999.9990 -999.9990
4.5011 4.5014 4.5016 4.5018 4.5020 4.5023 4.5025 4.5027 4.5029 4.5032 4.5034 4.5037 4.5039 4.5041 4.5043 4.5045 4.5047 4.5049 4.5051 4.5052 4.5054 4.5056 4.5057 4.5058 4.5059 4.5060 4.5061 4.5061 4.5062 4.5062 4.5062 4.5062 4.5062 4.5062 4.5062 4.5062 4.5062 4.5061 4.5060 4.5059 4.5057 4.5055 4.5053 4.5050 4.5047 4.5043 4.5038 4.5033 4.5027 4.5020 4.5013 4.5007 4.5003 4.5001 4.5001 4.5001 -999.9990 -999.9990 -999.9990 -999.9990
4.5012 4.5014 4.5016 4.5019 4.5021 4.5023 4.5025 4.5028 4.5030 4.5033 4.5035 4.5038 4.5040 4.5042 4.5044 4.5046 4.5048 4.5050 4.5052 4.5054 4.5056 4.5057 4.5058 4.5060 4.5061 4.5061 4.5062 4.5063 4.5063 4.5063 4.5063 4.5063 4.5063 4.5064 4.5064 4.5064 4.5064 4.5063 4.5062 4.5061 4.5060 4.5058 4.5056 4.5053 4.5050 4.5046 4.5042 4.5037 4.5031 4.5025 4.5017 4.5011 4.5007 4.5005 4.5002 4.5000 -999.9990 -999.9990 -999.9990 -999.9990
4.5014 4.5015 4.5017 4.5019 4.5021 4.5024 4.5026 4.5028 4.5030 4.5033 4.5036 4.5039 4.5041 4.5043 4.5045 4.5046 4.5048 4.5051 4.5053 4.5055 4.5057 4.5059 4.5060 4.5061 4.5062 4.5063 4.5063 4.5064 4.5064 4.5064 4.5064 4.5064 4.5064 4.5064 4.5065 4.5066 4.5066 4.5065 4.5065 4.5063 4.5062 4.5060 4.5058 4.5056 4.5053 4.5050 4.5046 4.5042 4.5036 4.5029 4.5021 4.5015 4.5011 4.5009 4.5007 -999.9990 -999.9990 -999.9990 -999.9990 -999.9990
-999.9990 -999.9990 -999.9990 -999.9990 -999.9990 4.5025 4.5026 4.5028 4.5029 -999.9990 4.5038 4.5040 4.5042 4.5043 4.5045 4.5047 4.5049 4.5051 4.5053 4.5056 4.5058 4.5060 4.5061 4.5062 4.5063 4.5064 4.5064 4.5065 4.5065 4.5065 4.5065 -999.9990 -999.9990 -999.9990 4.5066 4.5067 4.5067 4.5067 4.5066 4.5065 4.5064 4.5062 4.5060 4.5058 4.5056 4.5053 4.5050 4.5046 4.5042 4.5034 4.5021 4.5016 4.5013 4.5011 4.5010 -999.9990 -999.9990 -999.9990 -999.9990 -999.9990
-999.9990 -999.9990 -999.9990 -999.9990 -999.9990 -999.9990 -999.9990 -999.9990 -999.9990 -999.9990 -999.9990 -999.9990 4.5043 4.5044 4.5045 4.5047 4.5048 -999.9990 -999.9990 4.5058 4.5060 4.5061 4.5062 4.5063 4.5064 4.5065 4.5065 4.5065 4.5066 4.5066 -999.9990 -999.9990 -999.9990 -999.9990 4.5069 4.5069 4.5069 4.5069 4.5068 4.5067 4.5066 4.5064 4.5062 4.5060 4.5058 4.5056 4.5053 4.5051 4.5048 4.5046 -999.9990 -999.9990 -999.9990 4.5014 -999.9990 -999.9990 -999.9990 -999.9990 -999.9990 -999.9990
-999.9990 -999.9990 -999.9990 -999.9990 -999.9990 -999.9990 -999.9990 -999.9990 -999.9990 -999.9990 -999.9990 -999.9990 -999.9990 -999.9990 -999.9990 -999.9990 -999.9990 -999.9990 -999.9990 -999.9990 4.5062 4.5062 4.5063 4.5064 4.5064 4.5065 4.5066 4.5066 4.5066 -999.9990 -999.9990 -999.9990 -999.9990 -999.9990 4.5070 4.5070 4.5070 4.5070 4.5069 4.5068 4.5067 4.5066 4.5064 4.5062 4.5060 4.5058 4.5056 4.5054 4.5052 4.5051 -999.9990 -999.9990 -999.9990 4.5016 -999.9990 -999.9990 -999.9990 -999.9990 0.7351 0.0120
-999.9990 -999.9990 -999.9990 -999.9990 -999.9990 -999.9990 -999.9990 -999.9990 -999.9990 -999.9990 -999.9990 -999.9990 -999.9990 -999.9990 -999.9990 -999.9990 -999.9990 -999.9990 -999.9990 -999.9990 4.5062 4.5063 4.5063 4.5064 4.5065 4.5065 4.5066 4.5066 -999.9990 -999.9990 -999.9990 -999.9990 -999.9990 -999.9990 4.5071 4.5071 4.5071 4.5071 4.5070 4.5069 4.5068 4.5066 4.5065 4.5063 4.5061 4.5059 4.5058 4.5056 4.5055 4.5054 -999.9990 -999.9990 -999.9990 4.5017 -999.9990 -999.9990 -999.9990 -999.9990 0.8008 0.0734
-999.9990 -999.9990 -999.9990 -999.9990 -999.9990 -999.9990 -999.9990 -999.9990 -999.9990 -999.9990 -999.9990 -999.9990 -999.9990 -999.9990 -999.9990 -999.9990 -999.9990 -999.9990 -999.9990 -999.9990 -999.9990 -999.9990 -999.9990 -999.9990 -999.9990 -999.9990 -999.9990 -999.9990 -999.9990 -999.9990 -999.9990 -999.9990 -999.9990 -999.9990 -999.9990 -999.9990 4.5071 4.5071 4.5071 4.5070 4.5068 4.5067 4.5065 4.5064 4.5062 4.5060 4.5059 4.5057 4.5056 4.5056 -999.9990 -999.9990 -999.9990 -999.9990 -999.9990 0.8875 0.9395 0.8457 0.8331 0.8558
-999.9990 -999.9990 -999.9990 -999.9990 -999.9990 -999.9990 -999.9990 -999.9990 -999.9990 -999.9990 -999.9990 -999.9990 -999.9990 -999.9990 -999.9990 -999.9990 -999.9990 -999.9990 -999.9990 -999.9990 -999.9990 -999.9990 -999.9990 -999.9990 -999.9990 -999.9990 -999.9990 -999.9990 -999.9990 -999.9990 -999.9990 -999.9990 -999.9990 -999.9990 -999.9990 -999.9990 -999.9990 -999.9990 -999.9990 -999.9990 -999.9990 -999.9990 -999.9990 -999.9990 -999.9990 -999.9990 -999.9990 -999.9990 -999.9990 -999.9990 -999.9990 -999.9990 -999.9990 -999.9990 -999.9990 0.8880 0.8303 0.7630 0.7252 0.6631
-999.9990 -999.9990 -999.9990 -999.9990 -999.9990 -999.9990 -999.9990 -999.9990 -999.9990 -999.9990 -999.9990 -999.9990 -999.9990 -999.9990 -999.9990 -999.9990 -999.9990 -999.9990 -999.9990 -999.9990 -999.9990 -999.9990 -999.9990 -999.9990 -999.9990 -999.9990 -999.9990 -999.9990 -999.9990 -999.9990 -999.9990 -999.9990 -999.9990 -999.9990 -999.9990 -999.9990 -999.9990 -999.9990 -999.9990 -999.9990 -999.9990 -999.9990 -999.9990 -999.9990 -999.9990 -999.9990 -999.9990 -999.9990 -999.9990 -999.9990 -999.9990 -999.9990 -999.9990 -999.9990 -999.9990 0.7597 0.7352 0.7359 0.7285 0.6721
-999.9990 -999.9990 -999.9990 -999.9990 -999.9990 -999.9990 -999.9990 -999.9990 -999.9990 -999.9990 -999.9990 -999.9990 -999.9990 -999.9990 -999.9990 -999.9990 -999.9990 -999.9990 -999.9990 -999.9990 -999.9990 -999.9990 -999.9990 -999.9990 -999.9990 -999.9990 -999.9990 -999.9990 -999.9990 -999.9990 -999.9990 -999.9990 -999.9990 -999.9990 -999.9990 -999.9990 -999.9990 -999.9990 -999.9990 -999.9990 -999.9990 -999.9990 -999.9990 -999.9990 -999.9990 -999.9990 -999.9990 -999.9990 -999.9990 -999.9990 -999.9990 -999.9990 -999.9990 -999.9990 -999.9990 0.6193 0.6491 0.7745 0.7401 0.7251
-999.9990 -999.9990 -999.9990 -999.9990 -999.9990 -999.9990 -999.9990 -999.9990 -999.9990 -999.9990 -999.9990 -999.9990 -999.9990 -999.9990 -999.9990 -999.9990 -999.9990 -999.9990 -999.9990 -999.9990 -999.9990 -999.9990 -999.9990 -999.9990 -999.9990 -999.9990 -999.9990 -999.9990 -999.9990 -999.9990 -999.9990 -999.9990 -999.9990 -999.9990 -999.9990 -999.9990 -999.9990 -999.9990 -999.9990 -999.9990 -999.9990 -999.9990 -999.9990 -999.9990 -999.9990 -999.9990 -999.9990 -999.9990 -999.9990 -999.9990 -999.9990 -999.9990 -999.9990 -999.9990 -999.9990 0.5580 0.7760 0.7576 0.5207 0.6542
-999.9990 -999.9990 -999.9990 -999.9990 -999.9990 -999.9990 -999.9990 -999.9990 -999.9990 -999.9990 -999.9990 -999.9990 -999.9990 -999.9990 -999.9990 -999.9990 -999.9990 -999.9990 -999.9990 -999.9990 -999.9990 -999.9990 -999.9990 -999.9990 -999.9990 -999.9990 -999.9990 -999.9990 -999.9990 -999.9990 -999.9990 -999.9990 -999.9990 -999.9990 -999.9990 -999.9990 -999.9990 -999.9990 -999.9990 -999.9990 -999.9990 -999.9990 -999.9990 -999.9990 -999.9990 -999.9990 -999.9990 -999.9990 -999.9990 -999.9990 -999.9990 -999.9990 -999.9990 -999.9990 -999.9990 0.5943 0.6863 0.5482 -0.4859 0.3189
-999.9990 -999.9990 -999.9990 -999.9990 -999.9990 -999.9990 -999.9990 -999.9990 -999.9990 -999.9990 -999.9990 -999.9990 -999.9990 -999.9990 -999.9990 -999.9990 -999.9990 -999.9990 -999.9990 -999.9990 -999.9990 -999.9990 -999.9990 -999.9990 -999.9990 -999.9990 -999.9990 -999.9990 -999.9990 -999.9990 -999.9990 -999.9990 -999.9990 -999.9990 -999.9990 -999.9990 -999.9990 -999.9990 -999.9990 -999.9990 -999.9990 -999.9990 -999.9990 -999.9990 -999.9990 -999.9990 -999.9990 -999.9990 -999.9990 -999.9990 -999.9990 -999.9990 -999.9990 -999.9990 -999.9990 0.5922 0.3950 -0.6943 1.8823 -0.7834
-999.9990 -999.9990 -999.9990 -999.9990 -999.9990 -999.9990 -999.9990 -999.9990 -999.9990 -999.9990 -999.9990 -999.9990 -999.9990 -999.9990 -999.9990 -999.9990 -999.9990 -999.9990 -999.9990 -999.9990 -999.9990 -999.9990 -999.9990 -999.9990 -999.9990 -999.9990 -999.9990 -999.9990 -999.9990 -999.9990 -999.9990 -999.9990 -999.9990 -999.9990 -999.9990 -999.9990 -999.9990 -999.9990 -999.9990 -999.9990 -999.9990 -999.9990 -999.9990 -999.9990 -999.9990 -999.9990 -999.9990 -999.9990 -999.9990 -999.9990 -999.9990 -999.9990 -999.9990 -999.9990 -999.9990 0.3481 0.2829 -0.0209 -1.0257 -0.1286
-999.9990 -999.9990 -999.9990 -999.9990 -999.9990 -999.9990 -999.9990 -999.9990 -999.9990 -999.9990 -999.9990 -999.9990 -999.9990 -999.9990 -999.9990 -999.9990 -999.9990 -999.9990 -999.9990 -999.9990 -999.9990 -999.9990 -999.9990 -999.9990 -999.9990 -999.9990 -999.9990 -999.9990 -999.9990 -999.9990 -999.9990 -999.9990 -999.9990 -999.9990 -999.9990 -999.9990 -999.9990 -999.9990 -999.9990 -999.9990 -999.9990 -999.9990 -999.9990 -999.9990 -999.9990 -999.9990 -999.9990 -999.9990 -999.9990 -999.9990 -999.9990 -999.9990 -999.9990 -999.9990 0.1433 0.0400 0.1552 0.0337 -0.2327 -0.0115
-999.9990 -999.9990 -999.9990 -999.9990 -999.9990 -999.9990 -999.9990 -999.9990 -999.9990 -999.9990 -999.9990 -999.9990 -999.9990 -999.9990 -999.9990 -999.9990 -999.9990 -999.9990 -999.9990 -999.9990 -999.9990 -999.9990 -999.9990 -999.9990 -999.9990 -999.9990 -999.9990 -999.9990 -999.9990 -999.9990 -999.9990 -999.9990 -999.9990 -999.9990 -999.9990 -999.9990 -999.9990 -999.9990 -999.9990 -999.9990 -999.9990 -999.9990 -999.9990 -999.9990 -999.9990 -999.9990 -999.9990 -999.9990 -999.9990 -999.9990 -999.9990 -999.9990 -999.9990 -999.9990 0.2251 -0.0606 0.0464 0.0727 -0.0073 0.0685
-999.9990 -999.9990 -999.9990 -999.9990 -999.9990 -999.9990 -999.9990 -999.9990 -999.9990 -999.9990 -999.9990 -999.9990 -999.9990 -999.9990 -999.9990 -999.9990 -999.9990 -999.9990 -999.9990 -999.9990 -999.9990 -999.9990 -999.9990 -999.9990 -999.9990 -999.9990 -999.9990 -999.9990 -999.9990 -999.9990 -999.9990 -999.9990 -999.9990 -999.9990 -999.9990 -999.9990 -999.9990 -999.9990 -999.9990 -999.9990 -999.9990 -999.9990 -999.9990 -999.9990 -999.9990 -999.9990 -999.9990 -999.9990 -999.9990 -999.9990 -999.9990 -999.9990 -999.9990 -999.9990 -999.9990 -0.1536 -0.0416 0.0036 -0.0126 -0.0247
-999.9990 -999.9990 -999.9990 -999.9990 -999.9990 -999.9990 -999.9990 -999.9990 -999.9990 -999.9990 -999.9990 -999.9990 -999.9990 -999.9990 -999.9990 -999.9990 -999.9990 -999.9990 -999.9990 -999.9990 -999.9990 -999.9990 -999.9990 -999.9990 -999.9990 -999.9990 -999.9990 -999.9990 -999.9990 -999.9990 -999.9990 -999.9990 -999.9990 -999.9990 -999.9990 -999.9990 -999.9990 -999.9990 -999.9990 -999.9990 -999.9990 -999.9990 -999.9990 -999.9990 -999.9990 -999.9990 -999.9990 -999.9990 -999.9990 -999.9990 -999.9990 -999.9990 -999.9990 -999.9990 -999.9990 -0.2240 -0.1456 -0.1126 -0.1142 -0.1401
