test-data/DeltaShell/DeltaShell.Plugins.SharpMapGis.Tests/NewOrleans2D/dm1h0007.asc
ncols              277
nrows              231
xllcorner       391240.830
yllcorner       3340223.416
cellsize             85.065
NODATA_value       -999.9990
[rows 26 to 51 of 231, columns 60 to 119 of 277]
4.5003 4.4999 4.4996 4.4992 4.4988 4.4984 4.4979 4.4975 4.4971 4.4967 4.4962 4.4958 4.4954 4.4950 4.4947 4.4943 4.4940 4.4937 4.4935 4.4933 4.4932 4.4930 4.4930 4.4930 4.4930 4.4931 4.4932 4.4933 4.4935 4.4937 4.4938 4.4940 4.4941 4.4942 4.4943 4.4943 4.4942 4.4941 4.4938 4.4935 4.4931 4.4926 4.4919 4.4912 4.4902 4.4892 4.4881 4.4868 4.4854 4.4840 4.4823 4.4806 4.4787 4.4765 4.4737 4.4695 4.4626 4.4536 4.4457 4.4532
4.5003 4.4999 4.4995 4.4991 4.4987 4.4982 4.4978 4.4973 4.4969 4.4964 4.4960 4.4955 4.4951 4.4947 4.4943 4.4939 4.4936 4.4933 4.4930 4.4928 4.4926 4.4925 4.4924 4.4924 4.4925 4.4925 4.4927 4.4928 4.4930 4.4932 4.4934 4.4935 4.4937 4.4938 4.4939 4.4939 4.4939 4.4938 4.4936 4.4933 4.4928 4.4923 4.4917 4.4909 4.4899 4.4889 4.4877 4.4865 4.4851 4.4836 4.4821 4.4804 4.4787 4.4769 4.4746 4.4691 4.4521 4.4105 4.3184 4.4062
4.5002 4.4998 4.4994 4.4990 4.4985 4.4981 4.4976 4.4971 4.4966 4.4962 4.4957 4.4952 4.4948 4.4943 4.4939 4.4935 4.4932 4.4928 4.4926 4.4923 4.4921 4.4920 4.4919 4.4919 4.4919 4.4920 4.4921 4.4923 4.4925 4.4927 4.4929 4.4931 4.4933 4.4935 4.4936 4.4936 4.4936 4.4935 4.4933 4.4930 4.4926 4.4921 4.4915 4.4907 4.4898 4.4887 4.4876 4.4863 4.4850 4.4835 4.4820 4.4806 4.4792 4.4780 4.4762 4.4686 4.4331 4.3117 3.3175 4.2791
4.5002 4.4998 4.4993 4.4989 4.4984 4.4979 4.4974 4.4969 4.4964 4.4959 4.4954 4.4949 4.4945 4.4940 4.4936 4.4932 4.4928 4.4924 4.4921 4.4919 4.4917 4.4915 4.4914 4.4914 4.4914 4.4915 4.4916 4.4918 4.4920 4.4923 4.4925 4.4927 4.4930 4.4931 4.4933 4.4934 4.4934 4.4933 4.4931 4.4929 4.4925 4.4920 4.4914 4.4906 4.4897 4.4887 4.4876 4.4863 4.4850 4.4836 4.4822 4.4808 4.4795 4.4781 4.4751 4.4601 4.4227 4.4402 4.3804 4.4218
4.5001 4.4997 4.4993 4.4988 4.4983 4.4978 4.4973 4.4968 4.4963 4.4957 4.4952 4.4947 4.4942 4.4937 4.4933 4.4928 4.4924 4.4921 4.4917 4.4915 4.4912 4.4911 4.4910 4.4909 4.4909 4.4910 4.4912 4.4914 4.4916 4.4918 4.4921 4.4924 4.4926 4.4929 4.4930 4.4932 4.4932 4.4932 4.4930 4.4928 4.4924 4.4920 4.4914 4.4906 4.4897 4.4888 4.4877 4.4865 4.4852 4.4839 4.4825 4.4811 4.4799 4.4789 4.4783 4.4779 -999.9990 -999.9990 -999.9990 -999.9990
4.5001 4.4996 4.4992 4.4987 4.4982 4.4977 4.4972 4.4966 4.4961 4.4955 4.4950 4.4944 4.4939 4.4934 4.4930 4.4925 4.4921 4.4917 4.4914 4.4911 4.4908 4.4906 4.4905 4.4905 4.4905 4.4906 4.4907 4.4909 4.4912 4.4914 4.4918 4.4921 4.4924 4.4926 4.4929 4.4930 4.4931 4.4931 4.4930 4.4927 4.4924 4.4920 4.4914 4.4907 4.4899 4.4889 4.4879 4.4867 4.4855 4.4842 4.4828 4.4816 4.4805 4.4798 4.4797 4.4805 -999.9990 -999.9990 -999.9990 -999.9990
4.5000 4.4995 4.4991 4.4986 4.4981 4.4976 4.4970 4.4965 4.4959 4.4954 4.4948 4.4942 4.4937 4.4932 4.4927 4.4922 4.4918 4.4914 4.4910 4.4907 4.4904 4.4902 4.4901 4.4901 4.4901 4.4902 4.4903 4.4905 4.4908 4.4911 4.4914 4.4918 4.4921 4.4924 4.4927 4.4929 4.4930 4.4930 4.4929 4.4928 4.4925 4.4921 4.4915 4.4909 4.4901 4.4892 4.4882 4.4871 4.4859 4.4846 4.4833 4.4821 4.4811 4.4805 4.4803 4.4808 -999.9990 -999.9990 -999.9990 -999.9990
4.4999 4.4995 4.4990 4.4985 4.4980 4.4975 4.4969 4.4964 4.4958 4.4952 4.4946 4.4940 4.4935 4.4930 4.4925 4.4920 4.4916 4.4911 4.4907 4.4904 4.4901 4.4899 4.4897 4.4897 4.4897 4.4898 4.4899 4.4901 4.4904 4.4907 4.4911 4.4915 4.4919 4.4923 4.4926 4.4928 4.4930 4.4930 4.4930 4.4928 4.4926 4.4922 4.4917 4.4911 4.4904 4.4895 4.4886 4.4875 4.4863 4.4851 4.4838 4.4826 4.4817 4.4811 4.4807 4.4809 -999.9990 -999.9990 -999.9990 -999.9990
4.4998 4.4994 4.4989 4.4984 4.4979 4.4974 4.4968 4.4963 4.4957 4.4951 4.4944 4.4938 4.4933 4.4928 4.4923 4.4918 4.4914 4.4909 4.4905 4.4901 4.4898 4.4895 4.4894 4.4893 4.4893 4.4894 4.4895 4.4898 4.4900 4.4904 4.4908 4.4913 4.4918 4.4922 4.4926 4.4929 4.4930 4.4931 4.4931 4.4929 4.4927 4.4924 4.4919 4.4914 4.4907 4.4899 4.4890 4.4880 4.4869 4.4856 4.4842 4.4831 4.4823 4.4816 4.4811 4.4805 -999.9990 -999.9990 -999.9990 -999.9990
4.4995 4.4992 4.4989 4.4984 4.4978 4.4972 4.4968 4.4963 4.4958 4.4950 4.4942 4.4936 4.4931 4.4926 4.4921 4.4917 4.4912 4.4907 4.4903 4.4898 4.4895 4.4892 4.4891 4.4890 4.4890 4.4891 4.4892 4.4894 4.4897 4.4900 4.4905 4.4910 4.4917 4.4922 4.4925 4.4929 4.4931 4.4932 4.4932 4.4930 4.4928 4.4925 4.4921 4.4916 4.4910 4.4903 4.4895 4.4886 4.4876 4.4862 4.4845 4.4834 4.4826 4.4821 4.4820 -999.9990 -999.9990 -999.9990 -999.9990 -999.9990
-999.9990 -999.9990 -999.9990 -999.9990 -999.9990 4.4969 4.4967 4.4963 4.4960 -999.9990 4.4938 4.4934 4.4928 4.4924 4.4920 4.4916 4.4912 4.4907 4.4901 4.4895 4.4891 4.4889 4.4888 4.4887 4.4887 4.4888 4.4889 4.4891 4.4893 4.4897 4.4901 -999.9990 -999.9990 -999.9990 4.4927 4.4931 4.4933 4.4933 4.4933 4.4932 4.4930 4.4927 4.4923 4.4919 4.4914 4.4908 4.4901 4.4893 4.4884 4.4869 4.4841 4.4834 4.4828 4.4823 4.4822 -999.9990 0.8403 -999.9990 -999.9990 -999.9990
-999.9990 -999.9990 -999.9990 -999.9990 -999.9990 -999.9990 -999.9990 -999.9990 -999.9990 -999.9990 -999.9990 -999.9990 4.4925 4.4923 4.4920 4.4916 4.4914 -999.9990 -999.9990 4.4891 4.4888 4.4886 4.4885 4.4885 4.4885 4.4885 4.4886 4.4888 4.4890 4.4893 -999.9990 -999.9990 -999.9990 -999.9990 4.4932 4.4933 4.4934 4.4935 4.4934 4.4933 4.4931 4.4929 4.4925 4.4922 4.4917 4.4912 4.4906 4.4900 4.4895 4.4890 -999.9990 -999.9990 -999.9990 4.4820 -999.9990 -999.9990 0.9416 -999.9990 -999.9990 -999.9990
-999.9990 -999.9990 -999.9990 -999.9990 -999.9990 -999.9990 -999.9990 -999.9990 -999.9990 -999.9990 -999.9990 -999.9990 -999.9990 -999.9990 -999.9990 -999.9990 -999.9990 -999.9990 -999.9990 -999.9990 4.4885 4.4884 4.4883 4.4883 4.4883 4.4883 4.4884 4.4886 4.4887 -999.9990 -999.9990 -999.9990 -999.9990 -999.9990 4.4935 4.4935 4.4936 4.4936 4.4935 4.4934 4.4932 4.4930 4.4927 4.4924 4.4920 4.4915 4.4911 4.4906 4.4903 4.4901 -999.9990 -999.9990 -999.9990 4.4819 -999.9990 5.0673 1.0515 -999.9990 1.0330 1.0239
-999.9990 -999.9990 -999.9990 -999.9990 -999.9990 -999.9990 -999.9990 -999.9990 -999.9990 -999.9990 -999.9990 -999.9990 -999.9990 -999.9990 -999.9990 -999.9990 -999.9990 -999.9990 -999.9990 -999.9990 4.4883 4.4883 4.4882 4.4882 4.4882 4.4882 4.4883 4.4884 -999.9990 -999.9990 -999.9990 -999.9990 -999.9990 -999.9990 4.4936 4.4936 4.4937 4.4937 4.4936 4.4935 4.4933 4.4931 4.4928 4.4925 4.4921 4.4918 4.4914 4.4910 4.4908 4.4906 -999.9990 -999.9990 -999.9990 4.4818 -999.9990 5.0672 1.2515 1.2453 1.0654 1.0297
-999.9990 -999.9990 -999.9990 -999.9990 -999.9990 -999.9990 -999.9990 -999.9990 -999.9990 -999.9990 -999.9990 -999.9990 -999.9990 -999.9990 -999.9990 -999.9990 -999.9990 -999.9990 -999.9990 -999.9990 -999.9990 -999.9990 -999.9990 -999.9990 -999.9990 -999.9990 -999.9990 -999.9990 -999.9990 -999.9990 -999.9990 -999.9990 -999.9990 -999.9990 -999.9990 -999.9990 4.4937 4.4937 4.4936 4.4935 4.4934 4.4932 4.4929 4.4926 4.4922 4.4919 4.4915 4.4912 4.4910 4.4909 -999.9990 -999.9990 -999.9990 -999.9990 -999.9990 1.1514 1.1704 1.1491 1.1304 1.1088
-999.9990 -999.9990 -999.9990 -999.9990 -999.9990 -999.9990 -999.9990 -999.9990 -999.9990 -999.9990 -999.9990 -999.9990 -999.9990 -999.9990 -999.9990 -999.9990 -999.9990 -999.9990 -999.9990 -999.9990 -999.9990 -999.9990 -999.9990 -999.9990 -999.9990 -999.9990 -999.9990 -999.9990 -999.9990 -999.9990 -999.9990 -999.9990 -999.9990 -999.9990 -999.9990 -999.9990 -999.9990 -999.9990 -999.9990 -999.9990 -999.9990 -999.9990 -999.9990 -999.9990 -999.9990 -999.9990 -999.9990 -999.9990 -999.9990 -999.9990 -999.9990 -999.9990 -999.9990 -999.9990 -999.9990 1.1685 1.1410 1.1191 1.1050 1.0785
-999.9990 -999.9990 -999.9990 -999.9990 -999.9990 -999.9990 -999.9990 -999.9990 -999.9990 -999.9990 -999.9990 -999.9990 -999.9990 -999.9990 -999.9990 -999.9990 -999.9990 -999.9990 -999.9990 -999.9990 -999.9990 -999.9990 -999.9990 -999.9990 -999.9990 -999.9990 -999.9990 -999.9990 -999.9990 -999.9990 -999.9990 -999.9990 -999.9990 -999.9990 -999.9990 -999.9990 -999.9990 -999.9990 -999.9990 -999.9990 -999.9990 -999.9990 -999.9990 -999.9990 -999.9990 -999.9990 -999.9990 -999.9990 -999.9990 -999.9990 -999.9990 -999.9990 -999.9990 -999.9990 -999.9990 1.1449 1.1249 1.0996 1.0892 1.0581
-999.9990 -999.9990 -999.9990 -999.9990 -999.9990 -999.9990 -999.9990 -999.9990 -999.9990 -999.9990 -999.9990 -999.9990 -999.9990 -999.9990 -999.9990 -999.9990 -999.9990 -999.9990 -999.9990 -999.9990 -999.9990 -999.9990 -999.9990 -999.9990 -999.9990 -999.9990 -999.9990 -999.9990 -999.9990 -999.9990 -999.9990 -999.9990 -999.9990 -999.9990 -999.9990 -999.9990 -999.9990 -999.9990 -999.9990 -999.9990 -999.9990 -999.9990 -999.9990 -999.9990 -999.9990 -999.9990 -999.9990 -999.9990 -999.9990 -999.9990 -999.9990 -999.9990 -999.9990 -999.9990 -999.9990 1.1013 1.1126 1.1130 1.1202 1.0542
-999.9990 -999.9990 -999.9990 -999.9990 -999.9990 -999.9990 -999.9990 -999.9990 -999.9990 -999.9990 -999.9990 -999.9990 -999.9990 -999.9990 -999.9990 -999.9990 -999.9990 -999.9990 -999.9990 -999.9990 -999.9990 -999.9990 -999.9990 -999.9990 -999.9990 -999.9990 -999.9990 -999.9990 -999.9990 -999.9990 -999.9990 -999.9990 -999.9990 -999.9990 -999.9990 -999.9990 -999.9990 -999.9990 -999.9990 -999.9990 -999.9990 -999.9990 -999.9990 -999.9990 -999.9990 -999.9990 -999.9990 -999.9990 -999.9990 -999.9990 -999.9990 -999.9990 -999.9990 -999.9990 -999.9990 1.0757 1.1246 1.2387 0.9680 1.1483
-999.9990 -999.9990 -999.9990 -999.9990 -999.9990 -999.9990 -999.9990 -999.9990 -999.9990 -999.9990 -999.9990 -999.9990 -999.9990 -999.9990 -999.9990 -999.9990 -999.9990 -999.9990 -999.9990 -999.9990 -999.9990 -999.9990 -999.9990 -999.9990 -999.9990 -999.9990 -999.9990 -999.9990 -999.9990 -999.9990 -999.9990 -999.9990 -999.9990 -999.9990 -999.9990 -999.9990 -999.9990 -999.9990 -999.9990 -999.9990 -999.9990 -999.9990 -999.9990 -999.9990 -999.9990 -999.9990 -999.9990 -999.9990 -999.9990 -999.9990 -999.9990 -999.9990 -999.9990 -999.9990 -999.9990 1.0914 1.1821 1.2338 -0.0462 0.9228
-999.9990 -999.9990 -999.9990 -999.9990 -999.9990 -999.9990 -999.9990 -999.9990 -999.9990 -999.9990 -999.9990 -999.9990 -999.9990 -999.9990 -999.9990 -999.9990 -999.9990 -999.9990 -999.9990 -999.9990 -999.9990 -999.9990 -999.9990 -999.9990 -999.9990 -999.9990 -999.9990 -999.9990 -999.9990 -999.9990 -999.9990 -999.9990 -999.9990 -999.9990 -999.9990 -999.9990 -999.9990 -999.9990 -999.9990 -999.9990 -999.9990 -999.9990 -999.9990 -999.9990 -999.9990 -999.9990 -999.9990 -999.9990 -999.9990 -999.9990 -999.9990 -999.9990 -999.9990 -999.9990 -999.9990 1.0877 0.8827 -0.2355 0.4916 -0.4754
-999.9990 -999.9990 -999.9990 -999.9990 -999.9990 -999.9990 -999.9990 -999.9990 -999.9990 -999.9990 -999.9990 -999.9990 -999.9990 -999.9990 -999.9990 -999.9990 -999.9990 -999.9990 -999.9990 -999.9990 -999.9990 -999.9990 -999.9990 -999.9990 -999.9990 -999.9990 -999.9990 -999.9990 -999.9990 -999.9990 -999.9990 -999.9990 -999.9990 -999.9990 -999.9990 -999.9990 -999.9990 -999.9990 -999.9990 -999.9990 -999.9990 -999.9990 -999.9990 -999.9990 -999.9990 -999.9990 -999.9990 -999.9990 -999.9990 -999.9990 -999.9990 -999.9990 -999.9990 -999.9990 -999.9990 0.8293 0.8865 0.5761 -0.6938 0.3719
-999.9990 -999.9990 -999.9990 -999.9990 -999.9990 -999.9990 -999.9990 -999.9990 -999.9990 -999.9990 -999.9990 -999.9990 -999.9990 -999.9990 -999.9990 -999.9990 -999.9990 -999.9990 -999.9990 -999.9990 -999.9990 -999.9990 -999.9990 -999.9990 -999.9990 -999.9990 -999.9990 -999.9990 -999.9990 -999.9990 -999.9990 -999.9990 -999.9990 -999.9990 -999.9990 -999.9990 -999.9990 -999.9990 -999.9990 -999.9990 -999.9990 -999.9990 -999.9990 -999.9990 -999.9990 -999.9990 -999.9990 -999.9990 -999.9990 -999.9990 -999.9990 -999.9990 -999.9990 -999.9990 0.5117 0.5360 0.6001 0.6500 0.0954 0.6316
-999.9990 -999.9990 -999.9990 -999.9990 -999.9990 -999.9990 -999.9990 -999.9990 -999.9990 -999.9990 -999.9990 -999.9990 -999.9990 -999.9990 -999.9990 -999.9990 -999.9990 -999.9990 -999.9990 -999.9990 -999.9990 -999.9990 -999.9990 -999.9990 -999.9990 -999.9990 -999.9990 -999.9990 -999.9990 -999.9990 -999.9990 -999.9990 -999.9990 -999.9990 -999.9990 -999.9990 -999.9990 -999.9990 -999.9990 -999.9990 -999.9990 -999.9990 -999.9990 -999.9990 -999.9990 -999.9990 -999.9990 -999.9990 -999.9990 -999.9990 -999.9990 -999.9990 -999.9990 -999.9990 0.5267 0.4984 0.4817 0.4677 0.4404 0.4310
-999.9990 -999.9990 -999.9990 -999.9990 -999.9990 -999.9990 -999.9990 -999.9990 -999.9990 -999.9990 -999.9990 -999.9990 -999.9990 -999.9990 -999.9990 -999.9990 -999.9990 -999.9990 -999.9990 -999.9990 -999.9990 -999.9990 -999.9990 -999.9990 -999.9990 -999.9990 -999.9990 -999.9990 -999.9990 -999.9990 -999.9990 -999.9990 -999.9990 -999.9990 -999.9990 -999.9990 -999.9990 -999.9990 -999.9990 -999.9990 -999.9990 -999.9990 -999.9990 -999.9990 -999.9990 -999.9990 -999.9990 -999.9990 -999.9990 -999.9990 -999.9990 -999.9990 -999.9990 -999.9990 0.4913 0.4192 0.4314 0.4115 0.3799 0.3584
-999.9990 -999.9990 -999.9990 -999.9990 -999.9990 -999.9990 -999.9990 -999.9990 -999.9990 -999.9990 -999.9990 -999.9990 -999.9990 -999.9990 -999.9990 -999.9990 -999.9990 -999.9990 -999.9990 -999.9990 -999.9990 -999.9990 -999.9990 -999.9990 -999.9990 -999.9990 -999.9990 -999.9990 -999.9990 -999.9990 -999.9990 -999.9990 -999.9990 -999.9990 -999.9990 -999.9990 -999.9990 -999.9990 -999.9990 -999.9990 -999.9990 -999.9990 -999.9990 -999.9990 -999.9990 -999.9990 -999.9990 -999.9990 -999.9990 -999.9990 -999.9990 -999.9990 -999.9990 -999.9990 0.4412 0.3177 0.3358 0.3311 0.3159 0.2927
