test-data/DeltaShell/DeltaShell.Plugins.SharpMapGis.Tests/NewOrleans2D/dm1h0009.asc
ncols              277
nrows              231
xllcorner       391240.830
yllcorner       3340223.416
cellsize             85.065
NODATA_value       -999.9990
[rows 26 to 51 of 231, columns 60 to 119 of 277]
4.5045 4.5045 4.5045 4.5045 4.5044 4.5043 4.5043 4.5042 4.5041 4.5040 4.5038 4.5037 4.5036 4.5035 4.5034 4.5033 4.5032 4.5032 4.5031 4.5030 4.5029 4.5028 4.5027 4.5026 4.5025 4.5023 4.5021 4.5019 4.5017 4.5014 4.5011 4.5008 4.5005 4.5002 4.4999 4.4996 4.4993 4.4990 4.4986 4.4983 4.4980 4.4977 4.4973 4.4970 4.4968 4.4965 4.4963 4.4961 4.4958 4.4953 4.4944 4.4930 4.4908 4.4878 4.4837 4.4779 4.4697 4.4611 4.4580 4.4597
4.5048 4.5048 4.5048 4.5047 4.5047 4.5046 4.5045 4.5044 4.5042 4.5041 4.5040 4.5039 4.5038 4.5036 4.5035 4.5035 4.5034 4.5033 4.5032 4.5031 4.5031 4.5030 4.5029 4.5028 4.5027 4.5025 4.5024 4.5022 4.5020 4.5017 4.5014 4.5012 4.5008 4.5005 4.5002 4.4999 4.4995 4.4992 4.4989 4.4985 4.4981 4.4977 4.4974 4.4970 4.4967 4.4964 4.4962 4.4959 4.4956 4.4950 4.4941 4.4926 4.4904 4.4874 4.4832 4.4758 4.4597 4.4318 4.3866 4.4273
4.5050 4.5050 4.5050 4.5050 4.5049 4.5048 4.5047 4.5045 4.5044 4.5043 4.5041 4.5040 4.5039 4.5037 4.5036 4.5035 4.5035 4.5034 4.5033 4.5032 4.5032 4.5031 4.5031 4.5030 4.5029 4.5028 4.5026 4.5025 4.5023 4.5020 4.5018 4.5015 4.5012 4.5009 4.5006 4.5002 4.4999 4.4995 4.4991 4.4987 4.4983 4.4979 4.4975 4.4971 4.4967 4.4963 4.4961 4.4957 4.4954 4.4948 4.4939 4.4925 4.4905 4.4879 4.4839 4.4752 4.4474 4.3797 3.5172 4.3473
4.5053 4.5053 4.5052 4.5052 4.5051 4.5050 4.5048 4.5047 4.5045 4.5044 4.5042 4.5041 4.5039 4.5038 4.5037 4.5036 4.5035 4.5034 4.5034 4.5033 4.5033 4.5033 4.5032 4.5031 4.5031 4.5030 4.5029 4.5027 4.5025 4.5023 4.5021 4.5018 4.5016 4.5013 4.5009 4.5006 4.5002 4.4999 4.4995 4.4990 4.4986 4.4981 4.4976 4.4971 4.4967 4.4963 4.4960 4.4956 4.4952 4.4946 4.4938 4.4925 4.4908 4.4882 4.4838 4.4687 4.4327 4.4531 4.4417 4.4341
4.5054 4.5054 4.5054 4.5053 4.5052 4.5051 4.5050 4.5048 4.5046 4.5045 4.5043 4.5041 4.5040 4.5038 4.5037 4.5036 4.5036 4.5035 4.5035 4.5034 4.5034 4.5034 4.5033 4.5033 4.5033 4.5032 4.5031 4.5030 4.5028 4.5027 4.5024 4.5022 4.5019 4.5016 4.5013 4.5010 4.5006 4.5003 4.4998 4.4994 4.4989 4.4983 4.4978 4.4973 4.4968 4.4963 4.4959 4.4955 4.4951 4.4945 4.4938 4.4927 4.4913 4.4896 4.4877 4.4864 -999.9990 -999.9990 -999.9990 -999.9990
4.5056 4.5056 4.5055 4.5055 4.5053 4.5052 4.5051 4.5049 4.5047 4.5045 4.5043 4.5041 4.5040 4.5039 4.5037 4.5036 4.5036 4.5035 4.5035 4.5035 4.5035 4.5035 4.5035 4.5035 4.5034 4.5034 4.5033 4.5032 4.5031 4.5030 4.5028 4.5025 4.5023 4.5020 4.5017 4.5014 4.5010 4.5007 4.5002 4.4997 4.4992 4.4986 4.4981 4.4975 4.4969 4.4964 4.4959 4.4955 4.4950 4.4945 4.4938 4.4930 4.4920 4.4909 4.4902 4.4902 -999.9990 -999.9990 -999.9990 -999.9990
4.5057 4.5057 4.5056 4.5056 4.5054 4.5053 4.5051 4.5050 4.5048 4.5045 4.5043 4.5042 4.5040 4.5038 4.5037 4.5036 4.5036 4.5035 4.5035 4.5035 4.5035 4.5036 4.5036 4.5036 4.5036 4.5036 4.5035 4.5035 4.5034 4.5032 4.5031 4.5028 4.5026 4.5024 4.5021 4.5018 4.5014 4.5011 4.5006 4.5001 4.4996 4.4990 4.4983 4.4977 4.4971 4.4965 4.4960 4.4955 4.4950 4.4944 4.4938 4.4932 4.4925 4.4920 4.4916 4.4918 -999.9990 -999.9990 -999.9990 0.0095
4.5058 4.5058 4.5057 4.5056 4.5055 4.5054 4.5052 4.5050 4.5048 4.5046 4.5043 4.5041 4.5040 4.5038 4.5037 4.5036 4.5036 4.5035 4.5035 4.5036 4.5036 4.5036 4.5037 4.5037 4.5037 4.5037 4.5037 4.5037 4.5036 4.5035 4.5033 4.5031 4.5029 4.5027 4.5024 4.5021 4.5018 4.5014 4.5010 4.5005 4.4999 4.4993 4.4987 4.4980 4.4973 4.4967 4.4961 4.4955 4.4950 4.4944 4.4938 4.4933 4.4929 4.4926 4.4924 4.4925 -999.9990 -999.9990 0.0122 0.0374
4.5059 4.5059 4.5058 4.5057 4.5056 4.5054 4.5052 4.5050 4.5048 4.5046 4.5043 4.5041 4.5039 4.5038 4.5037 4.5036 4.5036 4.5035 4.5036 4.5036 4.5036 4.5037 4.5037 4.5038 4.5038 4.5039 4.5039 4.5038 4.5038 4.5037 4.5035 4.5033 4.5031 4.5029 4.5027 4.5024 4.5022 4.5018 4.5014 4.5009 4.5003 4.4997 4.4990 4.4983 4.4976 4.4969 4.4963 4.4957 4.4951 4.4944 4.4938 4.4933 4.4930 4.4928 4.4927 4.4925 -999.9990 -999.9990 0.0154 0.0618
4.5059 4.5059 4.5058 4.5057 4.5056 4.5054 4.5053 4.5051 4.5049 4.5046 4.5043 4.5040 4.5039 4.5037 4.5036 4.5036 4.5035 4.5035 4.5036 4.5036 4.5037 4.5038 4.5038 4.5039 4.5039 4.5040 4.5040 4.5040 4.5040 4.5039 4.5037 4.5033 4.5032 4.5030 4.5028 4.5027 4.5025 4.5021 4.5017 4.5012 4.5007 4.5000 4.4993 4.4986 4.4979 4.4972 4.4965 4.4959 4.4953 4.4945 4.4936 4.4932 4.4930 4.4928 4.4929 -999.9990 -999.9990 -999.9990 -999.9990 -999.9990
-999.9990 -999.9990 -999.9990 -999.9990 -999.9990 4.5054 4.5053 4.5051 4.5050 -999.9990 4.5041 4.5040 4.5038 4.5037 4.5036 4.5035 4.5035 4.5035 4.5036 4.5037 4.5037 4.5038 4.5039 4.5040 4.5040 4.5041 4.5041 4.5041 4.5041 4.5040 4.5039 -999.9990 -999.9990 -999.9990 4.5028 4.5029 4.5027 4.5024 4.5020 4.5015 4.5010 4.5003 4.4996 4.4989 4.4982 4.4975 4.4968 4.4962 4.4956 4.4947 4.4930 4.4930 4.4928 4.4924 4.4927 -999.9990 1.3949 -999.9990 -999.9990 -999.9990
-999.9990 -999.9990 -999.9990 -999.9990 -999.9990 -999.9990 -999.9990 -999.9990 -999.9990 -999.9990 -999.9990 -999.9990 4.5037 4.5036 4.5036 4.5035 4.5035 -999.9990 -999.9990 4.5037 4.5038 4.5039 4.5039 4.5040 4.5041 4.5041 4.5042 4.5042 4.5042 4.5041 -999.9990 -999.9990 -999.9990 -999.9990 4.5032 4.5031 4.5030 4.5027 4.5023 4.5018 4.5013 4.5006 4.4999 4.4992 4.4985 4.4978 4.4972 4.4966 4.4962 4.4959 -999.9990 -999.9990 -999.9990 4.4914 -999.9990 -999.9990 1.3923 -999.9990 -999.9990 -999.9990
-999.9990 -999.9990 -999.9990 -999.9990 -999.9990 -999.9990 -999.9990 -999.9990 -999.9990 -999.9990 -999.9990 -999.9990 -999.9990 -999.9990 -999.9990 -999.9990 -999.9990 -999.9990 -999.9990 -999.9990 4.5039 4.5039 4.5040 4.5041 4.5041 4.5042 4.5042 4.5043 4.5043 -999.9990 -999.9990 -999.9990 -999.9990 -999.9990 4.5034 4.5033 4.5032 4.5029 4.5025 4.5020 4.5015 4.5008 4.5002 4.4995 4.4987 4.4981 4.4975 4.4970 4.4966 4.4965 -999.9990 -999.9990 -999.9990 4.4907 -999.9990 5.0687 1.3956 1.4224 1.3322 1.3265
-999.9990 -999.9990 -999.9990 -999.9990 -999.9990 -999.9990 -999.9990 -999.9990 -999.9990 -999.9990 -999.9990 -999.9990 -999.9990 -999.9990 -999.9990 -999.9990 -999.9990 -999.9990 -999.9990 -999.9990 4.5039 4.5040 4.5040 4.5041 4.5041 4.5042 4.5043 4.5043 -999.9990 -999.9990 -999.9990 -999.9990 -999.9990 -999.9990 4.5035 4.5034 4.5032 4.5030 4.5026 4.5022 4.5016 4.5010 4.5003 4.4996 4.4989 4.4983 4.4977 4.4972 4.4969 4.4968 -999.9990 -999.9990 -999.9990 4.4903 -999.9990 5.0687 1.3999 1.4378 1.3638 1.3353
-999.9990 -999.9990 -999.9990 -999.9990 -999.9990 -999.9990 -999.9990 -999.9990 -999.9990 -999.9990 -999.9990 -999.9990 -999.9990 -999.9990 -999.9990 -999.9990 -999.9990 -999.9990 -999.9990 -999.9990 -999.9990 -999.9990 -999.9990 -999.9990 -999.9990 -999.9990 -999.9990 -999.9990 -999.9990 -999.9990 -999.9990 -999.9990 -999.9990 -999.9990 -999.9990 -999.9990 4.5032 4.5030 4.5027 4.5022 4.5017 4.5011 4.5004 4.4997 4.4990 4.4984 4.4978 4.4974 4.4971 4.4969 -999.9990 -999.9990 -999.9990 -999.9990 -999.9990 1.4839 1.4806 1.4435 1.4259 1.4068
-999.9990 -999.9990 -999.9990 -999.9990 -999.9990 -999.9990 -999.9990 -999.9990 -999.9990 -999.9990 -999.9990 -999.9990 -999.9990 -999.9990 -999.9990 -999.9990 -999.9990 -999.9990 -999.9990 -999.9990 -999.9990 -999.9990 -999.9990 -999.9990 -999.9990 -999.9990 -999.9990 -999.9990 -999.9990 -999.9990 -999.9990 -999.9990 -999.9990 -999.9990 -999.9990 -999.9990 -999.9990 -999.9990 -999.9990 -999.9990 -999.9990 -999.9990 -999.9990 -999.9990 -999.9990 -999.9990 -999.9990 -999.9990 -999.9990 -999.9990 -999.9990 -999.9990 -999.9990 -999.9990 -999.9990 1.5154 1.4595 1.3966 1.3717 1.3487
-999.9990 -999.9990 -999.9990 -999.9990 -999.9990 -999.9990 -999.9990 -999.9990 -999.9990 -999.9990 -999.9990 -999.9990 -999.9990 -999.9990 -999.9990 -999.9990 -999.9990 -999.9990 -999.9990 -999.9990 -999.9990 -999.9990 -999.9990 -999.9990 -999.9990 -999.9990 -999.9990 -999.9990 -999.9990 -999.9990 -999.9990 -999.9990 -999.9990 -999.9990 -999.9990 -999.9990 -999.9990 -999.9990 -999.9990 -999.9990 -999.9990 -999.9990 -999.9990 -999.9990 -999.9990 -999.9990 -999.9990 -999.9990 -999.9990 -999.9990 -999.9990 -999.9990 -999.9990 -999.9990 -999.9990 1.4911 1.4006 1.3153 1.2874 1.2556
-999.9990 -999.9990 -999.9990 -999.9990 -999.9990 -999.9990 -999.9990 -999.9990 -999.9990 -999.9990 -999.9990 -999.9990 -999.9990 -999.9990 -999.9990 -999.9990 -999.9990 -999.9990 -999.9990 -999.9990 -999.9990 -999.9990 -999.9990 -999.9990 -999.9990 -999.9990 -999.9990 -999.9990 -999.9990 -999.9990 -999.9990 -999.9990 -999.9990 -999.9990 -999.9990 -999.9990 -999.9990 -999.9990 -999.9990 -999.9990 -999.9990 -999.9990 -999.9990 -999.9990 -999.9990 -999.9990 -999.9990 -999.9990 -999.9990 -999.9990 -999.9990 -999.9990 -999.9990 -999.9990 -999.9990 1.3876 1.3036 1.2614 1.2133 1.1802
-999.9990 -999.9990 -999.9990 -999.9990 -999.9990 -999.9990 -999.9990 -999.9990 -999.9990 -999.9990 -999.9990 -999.9990 -999.9990 -999.9990 -999.9990 -999.9990 -999.9990 -999.9990 -999.9990 -999.9990 -999.9990 -999.9990 -999.9990 -999.9990 -999.9990 -999.9990 -999.9990 -999.9990 -999.9990 -999.9990 -999.9990 -999.9990 -999.9990 -999.9990 -999.9990 -999.9990 -999.9990 -999.9990 -999.9990 -999.9990 -999.9990 -999.9990 -999.9990 -999.9990 -999.9990 -999.9990 -999.9990 -999.9990 -999.9990 -999.9990 -999.9990 -999.9990 -999.9990 -999.9990 -999.9990 1.2486 1.2260 1.2133 1.0608 1.0964
-999.9990 -999.9990 -999.9990 -999.9990 -999.9990 -999.9990 -999.9990 -999.9990 -999.9990 -999.9990 -999.9990 -999.9990 -999.9990 -999.9990 -999.9990 -999.9990 -999.9990 -999.9990 -999.9990 -999.9990 -999.9990 -999.9990 -999.9990 -999.9990 -999.9990 -999.9990 -999.9990 -999.9990 -999.9990 -999.9990 -999.9990 -999.9990 -999.9990 -999.9990 -999.9990 -999.9990 -999.9990 -999.9990 -999.9990 -999.9990 -999.9990 -999.9990 -999.9990 -999.9990 -999.9990 -999.9990 -999.9990 -999.9990 -999.9990 -999.9990 -999.9990 -999.9990 -999.9990 -999.9990 -999.9990 1.1459 1.1597 1.0986 1.4017 0.8251
-999.9990 -999.9990 -999.9990 -999.9990 -999.9990 -999.9990 -999.9990 -999.9990 -999.9990 -999.9990 -999.9990 -999.9990 -999.9990 -999.9990 -999.9990 -999.9990 -999.9990 -999.9990 -999.9990 -999.9990 -999.9990 -999.9990 -999.9990 -999.9990 -999.9990 -999.9990 -999.9990 -999.9990 -999.9990 -999.9990 -999.9990 -999.9990 -999.9990 -999.9990 -999.9990 -999.9990 -999.9990 -999.9990 -999.9990 -999.9990 -999.9990 -999.9990 -999.9990 -999.9990 -999.9990 -999.9990 -999.9990 -999.9990 -999.9990 -999.9990 -999.9990 -999.9990 -999.9990 -999.9990 -999.9990 1.0570 0.9940 1.1126 1.0525 1.1853
-999.9990 -999.9990 -999.9990 -999.9990 -999.9990 -999.9990 -999.9990 -999.9990 -999.9990 -999.9990 -999.9990 -999.9990 -999.9990 -999.9990 -999.9990 -999.9990 -999.9990 -999.9990 -999.9990 -999.9990 -999.9990 -999.9990 -999.9990 -999.9990 -999.9990 -999.9990 -999.9990 -999.9990 -999.9990 -999.9990 -999.9990 -999.9990 -999.9990 -999.9990 -999.9990 -999.9990 -999.9990 -999.9990 -999.9990 -999.9990 -999.9990 -999.9990 -999.9990 -999.9990 -999.9990 -999.9990 -999.9990 -999.9990 -999.9990 -999.9990 -999.9990 -999.9990 -999.9990 -999.9990 -999.9990 0.9060 0.9124 0.6779 1.4128 0.4764
-999.9990 -999.9990 -999.9990 -999.9990 -999.9990 -999.9990 -999.9990 -999.9990 -999.9990 -999.9990 -999.9990 -999.9990 -999.9990 -999.9990 -999.9990 -999.9990 -999.9990 -999.9990 -999.9990 -999.9990 -999.9990 -999.9990 -999.9990 -999.9990 -999.9990 -999.9990 -999.9990 -999.9990 -999.9990 -999.9990 -999.9990 -999.9990 -999.9990 -999.9990 -999.9990 -999.9990 -999.9990 -999.9990 -999.9990 -999.9990 -999.9990 -999.9990 -999.9990 -999.9990 -999.9990 -999.9990 -999.9990 -999.9990 -999.9990 -999.9990 -999.9990 -999.9990 -999.9990 -999.9990 0.8827 0.7773 0.8486 0.7735 0.5791 0.7006
-999.9990 -999.9990 -999.9990 -999.9990 -999.9990 -999.9990 -999.9990 -999.9990 -999.9990 -999.9990 -999.9990 -999.9990 -999.9990 -999.9990 -999.9990 -999.9990 -999.9990 -999.9990 -999.9990 -999.9990 -999.9990 -999.9990 -999.9990 -999.9990 -999.9990 -999.9990 -999.9990 -999.9990 -999.9990 -999.9990 -999.9990 -999.9990 -999.9990 -999.9990 -999.9990 -999.9990 -999.9990 -999.9990 -999.9990 -999.9990 -999.9990 -999.9990 -999.9990 -999.9990 -999.9990 -999.9990 -999.9990 -999.9990 -999.9990 -999.9990 -999.9990 -999.9990 -999.9990 -999.9990 0.9534 0.8148 0.8115 0.8019 0.7388 0.7446
-999.9990 -999.9990 -999.9990 -999.9990 -999.9990 -999.9990 -999.9990 -999.9990 -999.9990 -999.9990 -999.9990 -999.9990 -999.9990 -999.9990 -999.9990 -999.9990 -999.9990 -999.9990 -999.9990 -999.9990 -999.9990 -999.9990 -999.9990 -999.9990 -999.9990 -999.9990 -999.9990 -999.9990 -999.9990 -999.9990 -999.9990 -999.9990 -999.9990 -999.9990 -999.9990 -999.9990 -999.9990 -999.9990 -999.9990 -999.9990 -999.9990 -999.9990 -999.9990 -999.9990 -999.9990 -999.9990 -999.9990 -999.9990 -999.9990 -999.9990 -999.9990 -999.9990 -999.9990 -999.9990 0.9736 0.8363 0.8045 0.7867 0.7521 0.7306
-999.9990 -999.9990 -999.9990 -999.9990 -999.9990 -999.9990 -999.9990 -999.9990 -999.9990 -999.9990 -999.9990 -999.9990 -999.9990 -999.9990 -999.9990 -999.9990 -999.9990 -999.9990 -999.9990 -999.9990 -999.9990 -999.9990 -999.9990 -999.9990 -999.9990 -999.9990 -999.9990 -999.9990 -999.9990 -999.9990 -999.9990 -999.9990 -999.9990 -999.9990 -999.9990 -999.9990 -999.9990 -999.9990 -999.9990 -999.9990 -999.9990 -999.9990 -999.9990 -999.9990 -999.9990 -999.9990 -999.9990 -999.9990 -999.9990 -999.9990 -999.9990 -999.9990 -999.9990 -999.9990 0.9559 0.8462 0.8041 0.7852 0.7690 0.7552
