test-data/DeltaShell/DeltaShell.Plugins.SharpMapGis.Tests/NewOrleans2D/dm1h0006.asc
ncols              277
nrows              231
xllcorner       391240.830
yllcorner       3340223.416
cellsize             85.065
NODATA_value       -999.9990
[rows 26 to 51 of 231, columns 60 to 119 of 277]
4.4985 4.4985 4.4986 4.4986 4.4987 4.4989 4.4990 4.4991 4.4993 4.4995 4.4997 4.4998 4.5000 4.5002 4.5003 4.5005 4.5006 4.5007 4.5008 4.5009 4.5010 4.5010 4.5010 4.5010 4.5010 4.5010 4.5009 4.5007 4.5006 4.5003 4.5001 4.4997 4.4993 4.4989 4.4984 4.4979 4.4974 4.4969 4.4964 4.4960 4.4956 4.4952 4.4949 4.4947 4.4946 4.4945 4.4945 4.4946 4.4948 4.4950 4.4952 4.4952 4.4948 4.4935 4.4906 4.4848 4.4750 4.4629 4.4563 4.4612
4.4983 4.4984 4.4985 4.4986 4.4987 4.4988 4.4990 4.4991 4.4993 4.4995 4.4997 4.4999 4.5001 4.5003 4.5004 4.5006 4.5007 4.5009 4.5010 4.5010 4.5011 4.5011 4.5012 4.5011 4.5011 4.5010 4.5009 4.5008 4.5006 4.5003 4.5000 4.4996 4.4992 4.4987 4.4982 4.4977 4.4971 4.4966 4.4961 4.4957 4.4952 4.4949 4.4946 4.4943 4.4942 4.4941 4.4941 4.4942 4.4944 4.4947 4.4950 4.4950 4.4947 4.4932 4.4895 4.4808 4.4612 4.4269 4.3771 4.4231
4.4983 4.4983 4.4984 4.4985 4.4986 4.4987 4.4989 4.4991 4.4993 4.4995 4.4997 4.4999 4.5001 4.5003 4.5005 4.5007 4.5009 4.5010 4.5011 4.5012 4.5012 4.5013 4.5013 4.5012 4.5012 4.5011 4.5010 4.5008 4.5006 4.5003 4.4999 4.4995 4.4990 4.4985 4.4980 4.4974 4.4969 4.4963 4.4958 4.4953 4.4949 4.4945 4.4942 4.4939 4.4938 4.4937 4.4937 4.4938 4.4941 4.4944 4.4947 4.4949 4.4946 4.4934 4.4895 4.4786 4.4457 4.3661 3.6275 4.3449
4.4982 4.4982 4.4983 4.4984 4.4986 4.4987 4.4989 4.4991 4.4993 4.4995 4.4998 4.5000 4.5002 4.5004 4.5006 4.5008 4.5010 4.5011 4.5012 4.5013 4.5014 4.5014 4.5014 4.5014 4.5013 4.5012 4.5010 4.5008 4.5005 4.5002 4.4998 4.4994 4.4989 4.4983 4.4977 4.4972 4.4966 4.4960 4.4955 4.4950 4.4945 4.4941 4.4938 4.4935 4.4934 4.4933 4.4933 4.4934 4.4936 4.4940 4.4943 4.4946 4.4945 4.4934 4.4895 4.4744 4.4357 4.4297 4.4063 4.4182
4.4981 4.4982 4.4983 4.4984 4.4985 4.4987 4.4989 4.4991 4.4993 4.4996 4.4998 4.5001 4.5003 4.5005 4.5008 4.5009 4.5011 4.5013 4.5014 4.5015 4.5015 4.5015 4.5015 4.5015 4.5014 4.5013 4.5011 4.5008 4.5006 4.5002 4.4998 4.4993 4.4987 4.4981 4.4975 4.4969 4.4963 4.4957 4.4951 4.4946 4.4942 4.4938 4.4934 4.4932 4.4930 4.4929 4.4929 4.4930 4.4932 4.4935 4.4939 4.4942 4.4944 4.4941 4.4930 4.4913 -999.9990 -999.9990 -999.9990 -999.9990
4.4980 4.4981 4.4982 4.4983 4.4985 4.4987 4.4989 4.4991 4.4993 4.4996 4.4999 4.5001 4.5004 4.5006 4.5009 4.5011 4.5012 4.5014 4.5015 4.5016 4.5017 4.5017 4.5017 4.5016 4.5015 4.5014 4.5012 4.5009 4.5006 4.5002 4.4997 4.4992 4.4986 4.4979 4.4972 4.4966 4.4959 4.4953 4.4948 4.4943 4.4938 4.4934 4.4931 4.4928 4.4926 4.4925 4.4925 4.4926 4.4927 4.4930 4.4934 4.4938 4.4942 4.4944 4.4945 4.4947 -999.9990 -999.9990 -999.9990 -999.9990
4.4980 4.4981 4.4982 4.4983 4.4985 4.4986 4.4989 4.4991 4.4994 4.4996 4.4999 4.5002 4.5005 4.5007 4.5010 4.5012 4.5014 4.5015 4.5016 4.5017 4.5018 4.5018 4.5018 4.5017 4.5016 4.5015 4.5012 4.5010 4.5006 4.5002 4.4997 4.4991 4.4984 4.4977 4.4969 4.4962 4.4956 4.4950 4.4944 4.4939 4.4934 4.4930 4.4927 4.4924 4.4922 4.4921 4.4921 4.4921 4.4923 4.4925 4.4928 4.4933 4.4938 4.4943 4.4948 4.4953 -999.9990 -999.9990 -999.9990 -999.9990
4.4980 4.4980 4.4981 4.4983 4.4984 4.4986 4.4989 4.4991 4.4994 4.4997 4.5000 4.5003 4.5006 4.5008 4.5011 4.5013 4.5015 4.5016 4.5018 4.5019 4.5019 4.5020 4.5019 4.5019 4.5017 4.5016 4.5014 4.5011 4.5007 4.5003 4.4997 4.4990 4.4982 4.4974 4.4966 4.4959 4.4952 4.4946 4.4940 4.4935 4.4931 4.4927 4.4923 4.4921 4.4919 4.4917 4.4917 4.4917 4.4918 4.4920 4.4923 4.4927 4.4933 4.4939 4.4944 4.4950 -999.9990 -999.9990 -999.9990 -999.9990
4.4980 4.4980 4.4981 4.4983 4.4984 4.4986 4.4989 4.4991 4.4994 4.4997 4.5001 4.5004 4.5007 4.5009 4.5012 4.5014 4.5016 4.5017 4.5019 4.5020 4.5021 4.5021 4.5021 4.5020 4.5019 4.5017 4.5015 4.5012 4.5008 4.5004 4.4998 4.4990 4.4981 4.4972 4.4962 4.4954 4.4948 4.4942 4.4936 4.4931 4.4927 4.4923 4.4920 4.4917 4.4915 4.4914 4.4913 4.4913 4.4914 4.4915 4.4917 4.4921 4.4927 4.4933 4.4938 4.4943 -999.9990 -999.9990 -999.9990 -999.9990
4.4980 4.4980 4.4981 4.4983 4.4984 4.4987 4.4989 4.4991 4.4993 4.4997 4.5002 4.5005 4.5008 4.5010 4.5013 4.5015 4.5016 4.5018 4.5020 4.5021 4.5022 4.5022 4.5022 4.5021 4.5020 4.5018 4.5016 4.5014 4.5010 4.5006 4.4999 4.4989 4.4980 4.4969 4.4955 4.4948 4.4943 4.4938 4.4933 4.4928 4.4924 4.4920 4.4917 4.4914 4.4912 4.4910 4.4910 4.4909 4.4910 4.4910 4.4911 4.4916 4.4922 4.4928 4.4933 -999.9990 -999.9990 -999.9990 -999.9990 -999.9990
-999.9990 -999.9990 -999.9990 -999.9990 -999.9990 4.4987 4.4989 4.4990 4.4992 -999.9990 4.5004 4.5006 4.5009 4.5011 4.5013 4.5015 4.5017 4.5019 4.5020 4.5022 4.5023 4.5023 4.5023 4.5022 4.5021 4.5020 4.5018 4.5015 4.5012 4.5009 4.5004 -999.9990 -999.9990 -999.9990 4.4943 4.4942 4.4938 4.4933 4.4929 4.4925 4.4920 4.4917 4.4914 4.4911 4.4909 4.4907 4.4907 4.4906 4.4906 4.4905 4.4902 4.4911 4.4918 4.4923 4.4929 -999.9990 -999.9990 -999.9990 -999.9990 -999.9990
-999.9990 -999.9990 -999.9990 -999.9990 -999.9990 -999.9990 -999.9990 -999.9990 -999.9990 -999.9990 -999.9990 -999.9990 4.5011 4.5012 4.5014 4.5015 4.5016 -999.9990 -999.9990 4.5023 4.5024 4.5024 4.5024 4.5023 4.5022 4.5021 4.5019 4.5017 4.5015 4.5012 -999.9990 -999.9990 -999.9990 -999.9990 4.4938 4.4937 4.4934 4.4930 4.4926 4.4922 4.4918 4.4914 4.4911 4.4908 4.4906 4.4905 4.4904 4.4904 4.4904 4.4905 -999.9990 -999.9990 -999.9990 4.4918 -999.9990 -999.9990 -999.9990 -999.9990 -999.9990 -999.9990
-999.9990 -999.9990 -999.9990 -999.9990 -999.9990 -999.9990 -999.9990 -999.9990 -999.9990 -999.9990 -999.9990 -999.9990 -999.9990 -999.9990 -999.9990 -999.9990 -999.9990 -999.9990 -999.9990 -999.9990 4.5025 4.5025 4.5025 4.5024 4.5023 4.5022 4.5020 4.5019 4.5017 -999.9990 -999.9990 -999.9990 -999.9990 -999.9990 4.4935 4.4933 4.4930 4.4927 4.4923 4.4919 4.4915 4.4912 4.4909 4.4906 4.4904 4.4903 4.4902 4.4902 4.4902 4.4903 -999.9990 -999.9990 -999.9990 4.4915 -999.9990 -999.9990 -999.9990 -999.9990 0.8400 0.6303
-999.9990 -999.9990 -999.9990 -999.9990 -999.9990 -999.9990 -999.9990 -999.9990 -999.9990 -999.9990 -999.9990 -999.9990 -999.9990 -999.9990 -999.9990 -999.9990 -999.9990 -999.9990 -999.9990 -999.9990 4.5026 4.5026 4.5025 4.5025 4.5024 4.5022 4.5021 4.5020 -999.9990 -999.9990 -999.9990 -999.9990 -999.9990 -999.9990 4.4933 4.4931 4.4928 4.4925 4.4921 4.4917 4.4914 4.4910 4.4907 4.4905 4.4903 4.4901 4.4901 4.4901 4.4901 4.4901 -999.9990 -999.9990 -999.9990 4.4913 -999.9990 -999.9990 -999.9990 -999.9990 0.8999 0.6244
-999.9990 -999.9990 -999.9990 -999.9990 -999.9990 -999.9990 -999.9990 -999.9990 -999.9990 -999.9990 -999.9990 -999.9990 -999.9990 -999.9990 -999.9990 -999.9990 -999.9990 -999.9990 -999.9990 -999.9990 -999.9990 -999.9990 -999.9990 -999.9990 -999.9990 -999.9990 -999.9990 -999.9990 -999.9990 -999.9990 -999.9990 -999.9990 -999.9990 -999.9990 -999.9990 -999.9990 4.4925 4.4923 4.4920 4.4917 4.4913 4.4910 4.4907 4.4904 4.4902 4.4901 4.4900 4.4900 4.4900 4.4900 -999.9990 -999.9990 -999.9990 -999.9990 -999.9990 1.0428 1.0377 1.0259 1.0126 0.9879
-999.9990 -999.9990 -999.9990 -999.9990 -999.9990 -999.9990 -999.9990 -999.9990 -999.9990 -999.9990 -999.9990 -999.9990 -999.9990 -999.9990 -999.9990 -999.9990 -999.9990 -999.9990 -999.9990 -999.9990 -999.9990 -999.9990 -999.9990 -999.9990 -999.9990 -999.9990 -999.9990 -999.9990 -999.9990 -999.9990 -999.9990 -999.9990 -999.9990 -999.9990 -999.9990 -999.9990 -999.9990 -999.9990 -999.9990 -999.9990 -999.9990 -999.9990 -999.9990 -999.9990 -999.9990 -999.9990 -999.9990 -999.9990 -999.9990 -999.9990 -999.9990 -999.9990 -999.9990 -999.9990 -999.9990 1.0373 1.0323 1.0279 1.0129 0.9867
-999.9990 -999.9990 -999.9990 -999.9990 -999.9990 -999.9990 -999.9990 -999.9990 -999.9990 -999.9990 -999.9990 -999.9990 -999.9990 -999.9990 -999.9990 -999.9990 -999.9990 -999.9990 -999.9990 -999.9990 -999.9990 -999.9990 -999.9990 -999.9990 -999.9990 -999.9990 -999.9990 -999.9990 -999.9990 -999.9990 -999.9990 -999.9990 -999.9990 -999.9990 -999.9990 -999.9990 -999.9990 -999.9990 -999.9990 -999.9990 -999.9990 -999.9990 -999.9990 -999.9990 -999.9990 -999.9990 -999.9990 -999.9990 -999.9990 -999.9990 -999.9990 -999.9990 -999.9990 -999.9990 -999.9990 1.0415 1.0509 1.0162 0.9813 0.9659
-999.9990 -999.9990 -999.9990 -999.9990 -999.9990 -999.9990 -999.9990 -999.9990 -999.9990 -999.9990 -999.9990 -999.9990 -999.9990 -999.9990 -999.9990 -999.9990 -999.9990 -999.9990 -999.9990 -999.9990 -999.9990 -999.9990 -999.9990 -999.9990 -999.9990 -999.9990 -999.9990 -999.9990 -999.9990 -999.9990 -999.9990 -999.9990 -999.9990 -999.9990 -999.9990 -999.9990 -999.9990 -999.9990 -999.9990 -999.9990 -999.9990 -999.9990 -999.9990 -999.9990 -999.9990 -999.9990 -999.9990 -999.9990 -999.9990 -999.9990 -999.9990 -999.9990 -999.9990 -999.9990 -999.9990 1.0605 1.0381 0.9599 0.8814 0.8748
-999.9990 -999.9990 -999.9990 -999.9990 -999.9990 -999.9990 -999.9990 -999.9990 -999.9990 -999.9990 -999.9990 -999.9990 -999.9990 -999.9990 -999.9990 -999.9990 -999.9990 -999.9990 -999.9990 -999.9990 -999.9990 -999.9990 -999.9990 -999.9990 -999.9990 -999.9990 -999.9990 -999.9990 -999.9990 -999.9990 -999.9990 -999.9990 -999.9990 -999.9990 -999.9990 -999.9990 -999.9990 -999.9990 -999.9990 -999.9990 -999.9990 -999.9990 -999.9990 -999.9990 -999.9990 -999.9990 -999.9990 -999.9990 -999.9990 -999.9990 -999.9990 -999.9990 -999.9990 -999.9990 -999.9990 1.0653 0.9887 0.8807 0.8306 0.7240
-999.9990 -999.9990 -999.9990 -999.9990 -999.9990 -999.9990 -999.9990 -999.9990 -999.9990 -999.9990 -999.9990 -999.9990 -999.9990 -999.9990 -999.9990 -999.9990 -999.9990 -999.9990 -999.9990 -999.9990 -999.9990 -999.9990 -999.9990 -999.9990 -999.9990 -999.9990 -999.9990 -999.9990 -999.9990 -999.9990 -999.9990 -999.9990 -999.9990 -999.9990 -999.9990 -999.9990 -999.9990 -999.9990 -999.9990 -999.9990 -999.9990 -999.9990 -999.9990 -999.9990 -999.9990 -999.9990 -999.9990 -999.9990 -999.9990 -999.9990 -999.9990 -999.9990 -999.9990 -999.9990 -999.9990 1.0069 0.8843 0.9410 0.7712 0.7668
-999.9990 -999.9990 -999.9990 -999.9990 -999.9990 -999.9990 -999.9990 -999.9990 -999.9990 -999.9990 -999.9990 -999.9990 -999.9990 -999.9990 -999.9990 -999.9990 -999.9990 -999.9990 -999.9990 -999.9990 -999.9990 -999.9990 -999.9990 -999.9990 -999.9990 -999.9990 -999.9990 -999.9990 -999.9990 -999.9990 -999.9990 -999.9990 -999.9990 -999.9990 -999.9990 -999.9990 -999.9990 -999.9990 -999.9990 -999.9990 -999.9990 -999.9990 -999.9990 -999.9990 -999.9990 -999.9990 -999.9990 -999.9990 -999.9990 -999.9990 -999.9990 -999.9990 -999.9990 -999.9990 -999.9990 0.9053 0.7935 0.6279 1.1938 0.5676
-999.9990 -999.9990 -999.9990 -999.9990 -999.9990 -999.9990 -999.9990 -999.9990 -999.9990 -999.9990 -999.9990 -999.9990 -999.9990 -999.9990 -999.9990 -999.9990 -999.9990 -999.9990 -999.9990 -999.9990 -999.9990 -999.9990 -999.9990 -999.9990 -999.9990 -999.9990 -999.9990 -999.9990 -999.9990 -999.9990 -999.9990 -999.9990 -999.9990 -999.9990 -999.9990 -999.9990 -999.9990 -999.9990 -999.9990 -999.9990 -999.9990 -999.9990 -999.9990 -999.9990 -999.9990 -999.9990 -999.9990 -999.9990 -999.9990 -999.9990 -999.9990 -999.9990 -999.9990 -999.9990 -999.9990 0.6720 0.5195 0.6190 0.4337 0.5246
-999.9990 -999.9990 -999.9990 -999.9990 -999.9990 -999.9990 -999.9990 -999.9990 -999.9990 -999.9990 -999.9990 -999.9990 -999.9990 -999.9990 -999.9990 -999.9990 -999.9990 -999.9990 -999.9990 -999.9990 -999.9990 -999.9990 -999.9990 -999.9990 -999.9990 -999.9990 -999.9990 -999.9990 -999.9990 -999.9990 -999.9990 -999.9990 -999.9990 -999.9990 -999.9990 -999.9990 -999.9990 -999.9990 -999.9990 -999.9990 -999.9990 -999.9990 -999.9990 -999.9990 -999.9990 -999.9990 -999.9990 -999.9990 -999.9990 -999.9990 -999.9990 -999.9990 -999.9990 -999.9990 0.4565 0.4283 0.3455 0.2001 0.2317 0.0603
-999.9990 -999.9990 -999.9990 -999.9990 -999.9990 -999.9990 -999.9990 -999.9990 -999.9990 -999.9990 -999.9990 -999.9990 -999.9990 -999.9990 -999.9990 -999.9990 -999.9990 -999.9990 -999.9990 -999.9990 -999.9990 -999.9990 -999.9990 -999.9990 -999.9990 -999.9990 -999.9990 -999.9990 -999.9990 -999.9990 -999.9990 -999.9990 -999.9990 -999.9990 -999.9990 -999.9990 -999.9990 -999.9990 -999.9990 -999.9990 -999.9990 -999.9990 -999.9990 -999.9990 -999.9990 -999.9990 -999.9990 -999.9990 -999.9990 -999.9990 -999.9990 -999.9990 -999.9990 -999.9990 0.4545 0.4065 0.3135 0.1803 0.0994 0.1129
-999.9990 -999.9990 -999.9990 -999.9990 -999.9990 -999.9990 -999.9990 -999.9990 -999.9990 -999.9990 -999.9990 -999.9990 -999.9990 -999.9990 -999.9990 -999.9990 -999.9990 -999.9990 -999.9990 -999.9990 -999.9990 -999.9990 -999.9990 -999.9990 -999.9990 -999.9990 -999.9990 -999.9990 -999.9990 -999.9990 -999.9990 -999.9990 -999.9990 -999.9990 -999.9990 -999.9990 -999.9990 -999.9990 -999.9990 -999.9990 -999.9990 -999.9990 -999.9990 -999.9990 -999.9990 -999.9990 -999.9990 -999.9990 -999.9990 -999.9990 -999.9990 -999.9990 -999.9990 -999.9990 0.4110 0.3461 0.3136 0.2330 0.1802 0.1806
-999.9990 -999.9990 -999.9990 -999.9990 -999.9990 -999.9990 -999.9990 -999.9990 -999.9990 -999.9990 -999.9990 -999.9990 -999.9990 -999.9990 -999.9990 -999.9990 -999.9990 -999.9990 -999.9990 -999.9990 -999.9990 -999.9990 -999.9990 -999.9990 -999.9990 -999.9990 -999.9990 -999.9990 -999.9990 -999.9990 -999.9990 -999.9990 -999.9990 -999.9990 -999.9990 -999.9990 -999.9990 -999.9990 -999.9990 -999.9990 -999.9990 -999.9990 -999.9990 -999.9990 -999.9990 -999.9990 -999.9990 -999.9990 -999.9990 -999.9990 -999.9990 -999.9990 -999.9990 -999.9990 0.3730 0.2540 0.2442 0.2130 0.1884 0.1788
