test-data/DeltaShell/DeltaShell.Plugins.SharpMapGis.Tests/NewOrleans2D/dm1h0008.asc
ncols              277
nrows              231
xllcorner       391240.830
yllcorner       3340223.416
cellsize             85.065
NODATA_value       -999.9990
[rows 26 to 51 of 231, columns 60 to 119 of 277]
4.5019 4.5020 4.5020 4.5021 4.5021 4.5021 4.5021 4.5020 4.5020 4.5019 4.5017 4.5015 4.5013 4.5011 4.5008 4.5004 4.5001 4.4997 4.4994 4.4990 4.4986 4.4983 4.4980 4.4976 4.4973 4.4970 4.4967 4.4964 4.4961 4.4959 4.4956 4.4953 4.4951 4.4949 4.4947 4.4946 4.4946 4.4946 4.4947 4.4948 4.4949 4.4950 4.4951 4.4951 4.4950 4.4948 4.4944 4.4937 4.4928 4.4916 4.4902 4.4885 4.4861 4.4826 4.4768 4.4672 4.4523 4.4345 4.4245 4.4329
4.5020 4.5021 4.5021 4.5022 4.5022 4.5022 4.5022 4.5022 4.5021 4.5020 4.5019 4.5017 4.5015 4.5012 4.5009 4.5006 4.5002 4.4998 4.4994 4.4990 4.4986 4.4982 4.4978 4.4975 4.4971 4.4968 4.4964 4.4961 4.4958 4.4954 4.4951 4.4948 4.4946 4.4943 4.4941 4.4940 4.4939 4.4939 4.4940 4.4941 4.4943 4.4944 4.4945 4.4945 4.4944 4.4942 4.4938 4.4931 4.4923 4.4912 4.4898 4.4881 4.4858 4.4819 4.4748 4.4608 4.4323 4.3842 4.3165 4.3797
4.5021 4.5022 4.5023 4.5023 4.5023 4.5024 4.5024 4.5023 4.5023 4.5022 4.5020 4.5019 4.5016 4.5014 4.5011 4.5007 4.5003 4.4999 4.4995 4.4990 4.4986 4.4982 4.4977 4.4973 4.4969 4.4965 4.4962 4.4958 4.4954 4.4950 4.4947 4.4943 4.4940 4.4938 4.4935 4.4934 4.4933 4.4933 4.4933 4.4935 4.4936 4.4937 4.4939 4.4939 4.4939 4.4937 4.4933 4.4927 4.4919 4.4909 4.4897 4.4881 4.4860 4.4821 4.4744 4.4568 4.4103 4.3035 3.3138 4.2723
4.5022 4.5023 4.5024 4.5024 4.5025 4.5025 4.5025 4.5025 4.5024 4.5023 4.5022 4.5020 4.5018 4.5015 4.5012 4.5008 4.5004 4.5000 4.4995 4.4991 4.4986 4.4981 4.4977 4.4972 4.4968 4.4963 4.4959 4.4955 4.4951 4.4947 4.4943 4.4939 4.4935 4.4932 4.4929 4.4927 4.4926 4.4926 4.4927 4.4928 4.4929 4.4931 4.4932 4.4933 4.4933 4.4932 4.4928 4.4923 4.4916 4.4907 4.4897 4.4884 4.4864 4.4830 4.4754 4.4527 4.3967 4.3831 4.3417 4.3655
4.5023 4.5024 4.5024 4.5025 4.5026 4.5026 4.5026 4.5026 4.5025 4.5025 4.5023 4.5022 4.5020 4.5017 4.5014 4.5010 4.5006 4.5001 4.4996 4.4991 4.4986 4.4981 4.4976 4.4971 4.4966 4.4962 4.4957 4.4952 4.4948 4.4943 4.4939 4.4934 4.4930 4.4926 4.4923 4.4921 4.4920 4.4919 4.4920 4.4921 4.4922 4.4924 4.4926 4.4927 4.4928 4.4927 4.4925 4.4921 4.4915 4.4907 4.4898 4.4888 4.4874 4.4853 4.4822 4.4784 -999.9990 -999.9990 -999.9990 -999.9990
4.5023 4.5024 4.5025 4.5026 4.5026 4.5027 4.5027 4.5027 4.5027 4.5026 4.5025 4.5023 4.5021 4.5018 4.5015 4.5011 4.5007 4.5002 4.4997 4.4992 4.4986 4.4981 4.4975 4.4970 4.4965 4.4960 4.4955 4.4950 4.4945 4.4940 4.4935 4.4930 4.4925 4.4921 4.4917 4.4914 4.4913 4.4912 4.4913 4.4914 4.4916 4.4918 4.4920 4.4922 4.4923 4.4923 4.4921 4.4919 4.4914 4.4908 4.4901 4.4893 4.4885 4.4874 4.4863 4.4857 -999.9990 -999.9990 -999.9990 -999.9990
4.5024 4.5025 4.5026 4.5027 4.5027 4.5028 4.5028 4.5028 4.5028 4.5027 4.5026 4.5025 4.5023 4.5020 4.5017 4.5013 4.5008 4.5003 4.4998 4.4992 4.4986 4.4981 4.4975 4.4970 4.4964 4.4959 4.4954 4.4949 4.4943 4.4938 4.4932 4.4926 4.4921 4.4915 4.4911 4.4908 4.4906 4.4905 4.4905 4.4907 4.4909 4.4911 4.4914 4.4916 4.4918 4.4919 4.4919 4.4917 4.4914 4.4909 4.4904 4.4899 4.4894 4.4889 4.4885 4.4885 -999.9990 -999.9990 -999.9990 -999.9990
4.5024 4.5025 4.5026 4.5027 4.5028 4.5028 4.5029 4.5029 4.5029 4.5028 4.5027 4.5026 4.5024 4.5021 4.5018 4.5014 4.5009 4.5004 4.4998 4.4992 4.4986 4.4980 4.4975 4.4969 4.4964 4.4958 4.4953 4.4947 4.4942 4.4936 4.4930 4.4923 4.4917 4.4910 4.4905 4.4901 4.4898 4.4898 4.4898 4.4900 4.4902 4.4905 4.4908 4.4911 4.4913 4.4915 4.4916 4.4916 4.4914 4.4911 4.4907 4.4904 4.4902 4.4900 4.4898 4.4898 -999.9990 -999.9990 -999.9990 -999.9990
4.5025 4.5026 4.5027 4.5027 4.5028 4.5029 4.5029 4.5030 4.5029 4.5029 4.5028 4.5027 4.5025 4.5022 4.5019 4.5015 4.5010 4.5005 4.4998 4.4992 4.4986 4.4980 4.4974 4.4969 4.4963 4.4958 4.4952 4.4947 4.4942 4.4936 4.4929 4.4921 4.4913 4.4905 4.4898 4.4893 4.4891 4.4891 4.4891 4.4893 4.4896 4.4899 4.4902 4.4906 4.4909 4.4912 4.4914 4.4914 4.4914 4.4912 4.4910 4.4909 4.4908 4.4908 4.4906 4.4901 -999.9990 -999.9990 -999.9990 0.0000
4.5026 4.5026 4.5027 4.5028 4.5029 4.5029 4.5030 4.5030 4.5030 4.5029 4.5028 4.5027 4.5026 4.5023 4.5020 4.5016 4.5011 4.5005 4.4998 4.4991 4.4985 4.4979 4.4973 4.4968 4.4963 4.4958 4.4953 4.4947 4.4942 4.4936 4.4929 4.4919 4.4911 4.4902 4.4889 4.4885 4.4884 4.4884 4.4885 4.4887 4.4890 4.4893 4.4897 4.4901 4.4905 4.4908 4.4911 4.4913 4.4914 4.4913 4.4910 4.4912 4.4914 4.4917 4.4917 -999.9990 -999.9990 -999.9990 -999.9990 -999.9990
-999.9990 -999.9990 -999.9990 -999.9990 -999.9990 4.5030 4.5030 4.5030 4.5030 -999.9990 4.5028 4.5028 4.5026 4.5024 4.5021 4.5018 4.5013 4.5006 4.4998 4.4989 4.4983 4.4978 4.4973 4.4968 4.4963 4.4958 4.4953 4.4948 4.4944 4.4939 4.4934 -999.9990 -999.9990 -999.9990 4.4876 4.4876 4.4876 4.4877 4.4879 4.4881 4.4884 4.4888 4.4892 4.4897 4.4901 4.4905 4.4909 4.4912 4.4913 4.4912 4.4907 4.4913 4.4918 4.4925 4.4923 -999.9990 1.2971 -999.9990 -999.9990 -999.9990
-999.9990 -999.9990 -999.9990 -999.9990 -999.9990 -999.9990 -999.9990 -999.9990 -999.9990 -999.9990 -999.9990 -999.9990 4.5026 4.5024 4.5022 4.5019 4.5017 -999.9990 -999.9990 4.4985 4.4980 4.4976 4.4972 4.4967 4.4962 4.4958 4.4954 4.4950 4.4946 4.4942 -999.9990 -999.9990 -999.9990 -999.9990 4.4870 4.4870 4.4870 4.4872 4.4873 4.4876 4.4880 4.4884 4.4888 4.4893 4.4898 4.4902 4.4907 4.4910 4.4913 4.4914 -999.9990 -999.9990 -999.9990 4.4940 -999.9990 -999.9990 1.2912 -999.9990 -999.9990 -999.9990
-999.9990 -999.9990 -999.9990 -999.9990 -999.9990 -999.9990 -999.9990 -999.9990 -999.9990 -999.9990 -999.9990 -999.9990 -999.9990 -999.9990 -999.9990 -999.9990 -999.9990 -999.9990 -999.9990 -999.9990 4.4976 4.4974 4.4971 4.4967 4.4962 4.4958 4.4955 4.4951 4.4948 -999.9990 -999.9990 -999.9990 -999.9990 -999.9990 4.4865 4.4865 4.4866 4.4867 4.4869 4.4872 4.4876 4.4880 4.4885 4.4890 4.4895 4.4900 4.4905 4.4908 4.4911 4.4913 -999.9990 -999.9990 -999.9990 4.4952 -999.9990 5.0679 1.2936 -999.9990 1.1273 1.1306
-999.9990 -999.9990 -999.9990 -999.9990 -999.9990 -999.9990 -999.9990 -999.9990 -999.9990 -999.9990 -999.9990 -999.9990 -999.9990 -999.9990 -999.9990 -999.9990 -999.9990 -999.9990 -999.9990 -999.9990 4.4975 4.4973 4.4970 4.4966 4.4962 4.4959 4.4955 4.4953 -999.9990 -999.9990 -999.9990 -999.9990 -999.9990 -999.9990 4.4863 4.4863 4.4863 4.4864 4.4867 4.4870 4.4873 4.4878 4.4883 4.4888 4.4893 4.4898 4.4903 4.4907 4.4910 4.4912 -999.9990 -999.9990 -999.9990 4.4958 -999.9990 5.0678 1.2984 1.2911 1.1283 1.1340
-999.9990 -999.9990 -999.9990 -999.9990 -999.9990 -999.9990 -999.9990 -999.9990 -999.9990 -999.9990 -999.9990 -999.9990 -999.9990 -999.9990 -999.9990 -999.9990 -999.9990 -999.9990 -999.9990 -999.9990 -999.9990 -999.9990 -999.9990 -999.9990 -999.9990 -999.9990 -999.9990 -999.9990 -999.9990 -999.9990 -999.9990 -999.9990 -999.9990 -999.9990 -999.9990 -999.9990 4.4862 4.4863 4.4865 4.4868 4.4872 4.4877 4.4882 4.4887 4.4892 4.4897 4.4902 4.4906 4.4909 4.4911 -999.9990 -999.9990 -999.9990 -999.9990 -999.9990 1.0850 1.1089 1.1286 1.1356 1.1432
-999.9990 -999.9990 -999.9990 -999.9990 -999.9990 -999.9990 -999.9990 -999.9990 -999.9990 -999.9990 -999.9990 -999.9990 -999.9990 -999.9990 -999.9990 -999.9990 -999.9990 -999.9990 -999.9990 -999.9990 -999.9990 -999.9990 -999.9990 -999.9990 -999.9990 -999.9990 -999.9990 -999.9990 -999.9990 -999.9990 -999.9990 -999.9990 -999.9990 -999.9990 -999.9990 -999.9990 -999.9990 -999.9990 -999.9990 -999.9990 -999.9990 -999.9990 -999.9990 -999.9990 -999.9990 -999.9990 -999.9990 -999.9990 -999.9990 -999.9990 -999.9990 -999.9990 -999.9990 -999.9990 -999.9990 1.1376 1.1510 1.1564 1.1614 1.1496
-999.9990 -999.9990 -999.9990 -999.9990 -999.9990 -999.9990 -999.9990 -999.9990 -999.9990 -999.9990 -999.9990 -999.9990 -999.9990 -999.9990 -999.9990 -999.9990 -999.9990 -999.9990 -999.9990 -999.9990 -999.9990 -999.9990 -999.9990 -999.9990 -999.9990 -999.9990 -999.9990 -999.9990 -999.9990 -999.9990 -999.9990 -999.9990 -999.9990 -999.9990 -999.9990 -999.9990 -999.9990 -999.9990 -999.9990 -999.9990 -999.9990 -999.9990 -999.9990 -999.9990 -999.9990 -999.9990 -999.9990 -999.9990 -999.9990 -999.9990 -999.9990 -999.9990 -999.9990 -999.9990 -999.9990 1.2075 1.2059 1.1802 1.1691 1.1486
-999.9990 -999.9990 -999.9990 -999.9990 -999.9990 -999.9990 -999.9990 -999.9990 -999.9990 -999.9990 -999.9990 -999.9990 -999.9990 -999.9990 -999.9990 -999.9990 -999.9990 -999.9990 -999.9990 -999.9990 -999.9990 -999.9990 -999.9990 -999.9990 -999.9990 -999.9990 -999.9990 -999.9990 -999.9990 -999.9990 -999.9990 -999.9990 -999.9990 -999.9990 -999.9990 -999.9990 -999.9990 -999.9990 -999.9990 -999.9990 -999.9990 -999.9990 -999.9990 -999.9990 -999.9990 -999.9990 -999.9990 -999.9990 -999.9990 -999.9990 -999.9990 -999.9990 -999.9990 -999.9990 -999.9990 1.2297 1.2235 1.1998 1.1667 1.1411
-999.9990 -999.9990 -999.9990 -999.9990 -999.9990 -999.9990 -999.9990 -999.9990 -999.9990 -999.9990 -999.9990 -999.9990 -999.9990 -999.9990 -999.9990 -999.9990 -999.9990 -999.9990 -999.9990 -999.9990 -999.9990 -999.9990 -999.9990 -999.9990 -999.9990 -999.9990 -999.9990 -999.9990 -999.9990 -999.9990 -999.9990 -999.9990 -999.9990 -999.9990 -999.9990 -999.9990 -999.9990 -999.9990 -999.9990 -999.9990 -999.9990 -999.9990 -999.9990 -999.9990 -999.9990 -999.9990 -999.9990 -999.9990 -999.9990 -999.9990 -999.9990 -999.9990 -999.9990 -999.9990 -999.9990 1.2386 1.2339 1.2082 1.0573 1.1147
-999.9990 -999.9990 -999.9990 -999.9990 -999.9990 -999.9990 -999.9990 -999.9990 -999.9990 -999.9990 -999.9990 -999.9990 -999.9990 -999.9990 -999.9990 -999.9990 -999.9990 -999.9990 -999.9990 -999.9990 -999.9990 -999.9990 -999.9990 -999.9990 -999.9990 -999.9990 -999.9990 -999.9990 -999.9990 -999.9990 -999.9990 -999.9990 -999.9990 -999.9990 -999.9990 -999.9990 -999.9990 -999.9990 -999.9990 -999.9990 -999.9990 -999.9990 -999.9990 -999.9990 -999.9990 -999.9990 -999.9990 -999.9990 -999.9990 -999.9990 -999.9990 -999.9990 -999.9990 -999.9990 -999.9990 1.2384 1.1981 1.1553 0.0681 0.9705
-999.9990 -999.9990 -999.9990 -999.9990 -999.9990 -999.9990 -999.9990 -999.9990 -999.9990 -999.9990 -999.9990 -999.9990 -999.9990 -999.9990 -999.9990 -999.9990 -999.9990 -999.9990 -999.9990 -999.9990 -999.9990 -999.9990 -999.9990 -999.9990 -999.9990 -999.9990 -999.9990 -999.9990 -999.9990 -999.9990 -999.9990 -999.9990 -999.9990 -999.9990 -999.9990 -999.9990 -999.9990 -999.9990 -999.9990 -999.9990 -999.9990 -999.9990 -999.9990 -999.9990 -999.9990 -999.9990 -999.9990 -999.9990 -999.9990 -999.9990 -999.9990 -999.9990 -999.9990 -999.9990 -999.9990 1.1967 1.0241 -0.0794 2.3577 -0.3951
-999.9990 -999.9990 -999.9990 -999.9990 -999.9990 -999.9990 -999.9990 -999.9990 -999.9990 -999.9990 -999.9990 -999.9990 -999.9990 -999.9990 -999.9990 -999.9990 -999.9990 -999.9990 -999.9990 -999.9990 -999.9990 -999.9990 -999.9990 -999.9990 -999.9990 -999.9990 -999.9990 -999.9990 -999.9990 -999.9990 -999.9990 -999.9990 -999.9990 -999.9990 -999.9990 -999.9990 -999.9990 -999.9990 -999.9990 -999.9990 -999.9990 -999.9990 -999.9990 -999.9990 -999.9990 -999.9990 -999.9990 -999.9990 -999.9990 -999.9990 -999.9990 -999.9990 -999.9990 -999.9990 -999.9990 0.9719 0.9179 0.7052 -0.6602 0.5856
-999.9990 -999.9990 -999.9990 -999.9990 -999.9990 -999.9990 -999.9990 -999.9990 -999.9990 -999.9990 -999.9990 -999.9990 -999.9990 -999.9990 -999.9990 -999.9990 -999.9990 -999.9990 -999.9990 -999.9990 -999.9990 -999.9990 -999.9990 -999.9990 -999.9990 -999.9990 -999.9990 -999.9990 -999.9990 -999.9990 -999.9990 -999.9990 -999.9990 -999.9990 -999.9990 -999.9990 -999.9990 -999.9990 -999.9990 -999.9990 -999.9990 -999.9990 -999.9990 -999.9990 -999.9990 -999.9990 -999.9990 -999.9990 -999.9990 -999.9990 -999.9990 -999.9990 -999.9990 -999.9990 0.7132 0.7197 0.7449 0.6592 0.3997 0.6095
-999.9990 -999.9990 -999.9990 -999.9990 -999.9990 -999.9990 -999.9990 -999.9990 -999.9990 -999.9990 -999.9990 -999.9990 -999.9990 -999.9990 -999.9990 -999.9990 -999.9990 -999.9990 -999.9990 -999.9990 -999.9990 -999.9990 -999.9990 -999.9990 -999.9990 -999.9990 -999.9990 -999.9990 -999.9990 -999.9990 -999.9990 -999.9990 -999.9990 -999.9990 -999.9990 -999.9990 -999.9990 -999.9990 -999.9990 -999.9990 -999.9990 -999.9990 -999.9990 -999.9990 -999.9990 -999.9990 -999.9990 -999.9990 -999.9990 -999.9990 -999.9990 -999.9990 -999.9990 -999.9990 0.7422 0.6997 0.6691 0.6233 0.5651 0.5801
-999.9990 -999.9990 -999.9990 -999.9990 -999.9990 -999.9990 -999.9990 -999.9990 -999.9990 -999.9990 -999.9990 -999.9990 -999.9990 -999.9990 -999.9990 -999.9990 -999.9990 -999.9990 -999.9990 -999.9990 -999.9990 -999.9990 -999.9990 -999.9990 -999.9990 -999.9990 -999.9990 -999.9990 -999.9990 -999.9990 -999.9990 -999.9990 -999.9990 -999.9990 -999.9990 -999.9990 -999.9990 -999.9990 -999.9990 -999.9990 -999.9990 -999.9990 -999.9990 -999.9990 -999.9990 -999.9990 -999.9990 -999.9990 -999.9990 -999.9990 -999.9990 -999.9990 -999.9990 -999.9990 0.6843 0.6476 0.6277 0.5933 0.5608 0.5499
-999.9990 -999.9990 -999.9990 -999.9990 -999.9990 -999.9990 -999.9990 -999.9990 -999.9990 -999.9990 -999.9990 -999.9990 -999.9990 -999.9990 -999.9990 -999.9990 -999.9990 -999.9990 -999.9990 -999.9990 -999.9990 -999.9990 -999.9990 -999.9990 -999.9990 -999.9990 -999.9990 -999.9990 -999.9990 -999.9990 -999.9990 -999.9990 -999.9990 -999.9990 -999.9990 -999.9990 -999.9990 -999.9990 -999.9990 -999.9990 -999.9990 -999.9990 -999.9990 -999.9990 -999.9990 -999.9990 -999.9990 -999.9990 -999.9990 -999.9990 -999.9990 -999.9990 -999.9990 -999.9990 0.5995 0.5725 0.5546 0.5390 0.5278 0.5200
