Core/Plugins/test/Core.Plugins.SharpMapGis.Tests/test-data/NewOrleans2D/dm1h0010.asc
ncols              277
nrows              231
xllcorner       391240.830
yllcorner       3340223.416
cellsize             85.065
NODATA_value       -999.9990
[rows 26 to 51 of 231, columns 60 to 119 of 277]
4.5028 4.5025 4.5022 4.5019 4.5016 4.5012 4.5009 4.5006 4.5003 4.5000 4.4998 4.4996 4.4994 4.4992 4.4991 4.4990 4.4989 4.4989 4.4990 4.4991 4.4992 4.4993 4.4995 4.4997 4.5000 4.5003 4.5006 4.5009 4.5012 4.5015 4.5017 4.5020 4.5022 4.5024 4.5025 4.5026 4.5026 4.5025 4.5024 4.5022 4.5020 4.5017 4.5015 4.5012 4.5009 4.5007 4.5005 4.5003 4.5000 4.4996 4.4989 4.4978 4.4960 4.4932 4.4885 4.4804 4.4677 4.4518 4.4426 4.4499
4.5030 4.5027 4.5023 4.5020 4.5017 4.5013 4.5010 4.5006 4.5003 4.5000 4.4998 4.4995 4.4993 4.4992 4.4990 4.4989 4.4989 4.4989 4.4989 4.4990 4.4992 4.4993 4.4995 4.4998 4.5000 4.5003 4.5006 4.5009 4.5013 4.5016 4.5019 4.5022 4.5024 4.5026 4.5027 4.5028 4.5028 4.5028 4.5027 4.5025 4.5023 4.5020 4.5017 4.5015 4.5012 4.5010 4.5008 4.5005 4.5002 4.4998 4.4991 4.4980 4.4962 4.4931 4.4874 4.4758 4.4507 4.4056 4.3369 4.3996
4.5031 4.5028 4.5024 4.5021 4.5017 4.5014 4.5010 4.5007 4.5003 4.5000 4.4998 4.4995 4.4993 4.4991 4.4990 4.4989 4.4989 4.4989 4.4989 4.4990 4.4992 4.4993 4.4995 4.4998 4.5001 4.5004 4.5007 4.5010 4.5014 4.5017 4.5020 4.5023 4.5026 4.5028 4.5030 4.5031 4.5031 4.5030 4.5029 4.5028 4.5025 4.5023 4.5020 4.5017 4.5015 4.5012 4.5010 4.5008 4.5005 4.5000 4.4994 4.4983 4.4967 4.4938 4.4879 4.4735 4.4319 4.3288 3.3334 4.2918
4.5032 4.5029 4.5025 4.5021 4.5018 4.5014 4.5010 4.5007 4.5004 4.5000 4.4997 4.4995 4.4993 4.4991 4.4990 4.4989 4.4989 4.4989 4.4989 4.4990 4.4992 4.4994 4.4996 4.4998 4.5001 4.5004 4.5008 4.5011 4.5015 4.5018 4.5022 4.5025 4.5028 4.5030 4.5032 4.5033 4.5033 4.5033 4.5032 4.5030 4.5028 4.5026 4.5023 4.5020 4.5017 4.5015 4.5013 4.5010 4.5007 4.5003 4.4997 4.4988 4.4974 4.4947 4.4887 4.4694 4.4208 4.4132 4.3663 4.3904
4.5033 4.5029 4.5026 4.5022 4.5018 4.5014 4.5011 4.5007 4.5004 4.5000 4.4997 4.4995 4.4993 4.4991 4.4990 4.4989 4.4988 4.4989 4.4989 4.4990 4.4992 4.4994 4.4996 4.4999 4.5002 4.5005 4.5008 4.5012 4.5015 4.5019 4.5023 4.5026 4.5029 4.5032 4.5034 4.5035 4.5036 4.5036 4.5035 4.5033 4.5031 4.5029 4.5026 4.5023 4.5020 4.5018 4.5015 4.5012 4.5009 4.5005 4.5000 4.4993 4.4982 4.4966 4.4943 4.4916 -999.9990 -999.9990 -999.9990 -999.9990
4.5033 4.5030 4.5026 4.5022 4.5018 4.5014 4.5011 4.5007 4.5004 4.5000 4.4997 4.4995 4.4992 4.4991 4.4989 4.4989 4.4988 4.4989 4.4989 4.4991 4.4992 4.4994 4.4996 4.4999 4.5002 4.5005 4.5009 4.5012 4.5016 4.5020 4.5024 4.5027 4.5031 4.5034 4.5036 4.5038 4.5038 4.5038 4.5038 4.5036 4.5034 4.5032 4.5029 4.5026 4.5023 4.5020 4.5017 4.5015 4.5012 4.5008 4.5003 4.4997 4.4991 4.4983 4.4975 4.4973 -999.9990 -999.9990 -999.9990 -999.9990
4.5034 4.5030 4.5026 4.5022 4.5018 4.5015 4.5011 4.5007 4.5003 4.5000 4.4997 4.4994 4.4992 4.4990 4.4989 4.4989 4.4988 4.4989 4.4990 4.4991 4.4992 4.4994 4.4997 4.4999 4.5002 4.5006 4.5009 4.5013 4.5017 4.5020 4.5024 4.5028 4.5032 4.5035 4.5038 4.5040 4.5041 4.5041 4.5040 4.5039 4.5037 4.5035 4.5032 4.5029 4.5026 4.5023 4.5020 4.5017 4.5014 4.5010 4.5005 4.5001 4.4997 4.4993 4.4992 4.4993 -999.9990 -999.9990 0.2171 0.2223
4.5033 4.5030 4.5026 4.5022 4.5018 4.5014 4.5011 4.5007 4.5003 4.5000 4.4997 4.4994 4.4992 4.4990 4.4989 4.4989 4.4988 4.4989 4.4990 4.4991 4.4993 4.4995 4.4997 4.5000 4.5003 4.5006 4.5009 4.5013 4.5017 4.5021 4.5025 4.5029 4.5033 4.5037 4.5040 4.5042 4.5043 4.5044 4.5043 4.5042 4.5040 4.5038 4.5035 4.5032 4.5028 4.5025 4.5022 4.5019 4.5015 4.5011 4.5007 4.5004 4.5001 4.4999 4.4999 4.5001 -999.9990 -999.9990 0.2200 0.2253
4.5033 4.5029 4.5026 4.5022 4.5018 4.5014 4.5010 4.5007 4.5003 4.5000 4.4996 4.4994 4.4992 4.4990 4.4989 4.4988 4.4988 4.4989 4.4990 4.4991 4.4993 4.4995 4.4998 4.5000 4.5003 4.5006 4.5009 4.5013 4.5016 4.5020 4.5025 4.5029 4.5034 4.5038 4.5042 4.5044 4.5046 4.5047 4.5046 4.5045 4.5043 4.5040 4.5038 4.5034 4.5031 4.5028 4.5025 4.5021 4.5017 4.5013 4.5008 4.5005 4.5003 4.5002 4.5001 4.5001 -999.9990 0.3924 0.2220 0.2272
4.5031 4.5029 4.5026 4.5022 4.5018 4.5013 4.5010 4.5007 4.5004 4.5000 4.4995 4.4993 4.4991 4.4990 4.4989 4.4988 4.4988 4.4989 4.4990 4.4992 4.4994 4.4996 4.4998 4.5000 4.5003 4.5006 4.5009 4.5012 4.5016 4.5019 4.5023 4.5028 4.5034 4.5039 4.5044 4.5047 4.5049 4.5049 4.5049 4.5048 4.5046 4.5043 4.5040 4.5037 4.5034 4.5031 4.5027 4.5024 4.5020 4.5014 4.5007 4.5004 4.5003 4.5002 4.5003 -999.9990 -999.9990 0.8063 0.4662 -999.9990
-999.9990 -999.9990 -999.9990 -999.9990 -999.9990 4.5011 4.5010 4.5007 4.5006 -999.9990 4.4994 4.4992 4.4990 4.4989 4.4988 4.4988 4.4988 4.4989 4.4990 4.4992 4.4994 4.4996 4.4998 4.5001 4.5003 4.5006 4.5009 4.5011 4.5014 4.5018 4.5021 -999.9990 -999.9990 -999.9990 4.5047 4.5050 4.5052 4.5052 4.5052 4.5050 4.5048 4.5046 4.5043 4.5040 4.5036 4.5033 4.5030 4.5027 4.5023 4.5016 4.5002 4.5002 4.5001 4.4999 4.5002 -999.9990 1.4839 1.4837 1.4567 -999.9990
-999.9990 -999.9990 -999.9990 -999.9990 -999.9990 -999.9990 -999.9990 -999.9990 -999.9990 -999.9990 -999.9990 -999.9990 4.4989 4.4989 4.4988 4.4988 4.4988 -999.9990 -999.9990 4.4993 4.4995 4.4997 4.4999 4.5001 4.5003 4.5006 4.5008 4.5010 4.5013 4.5015 -999.9990 -999.9990 -999.9990 -999.9990 4.5053 4.5054 4.5055 4.5055 4.5054 4.5053 4.5051 4.5048 4.5045 4.5042 4.5039 4.5035 4.5032 4.5030 4.5028 4.5026 -999.9990 -999.9990 -999.9990 4.4991 -999.9990 -999.9990 1.4844 1.4861 1.4686 -999.9990
-999.9990 -999.9990 -999.9990 -999.9990 -999.9990 -999.9990 -999.9990 -999.9990 -999.9990 -999.9990 -999.9990 -999.9990 -999.9990 -999.9990 -999.9990 -999.9990 -999.9990 -999.9990 -999.9990 -999.9990 4.4997 4.4998 4.4999 4.5001 4.5003 4.5005 4.5007 4.5009 4.5011 -999.9990 -999.9990 -999.9990 -999.9990 -999.9990 4.5056 4.5056 4.5057 4.5057 4.5056 4.5055 4.5052 4.5050 4.5047 4.5044 4.5040 4.5037 4.5035 4.5032 4.5031 4.5030 -999.9990 -999.9990 -999.9990 4.4985 -999.9990 5.0691 1.4888 1.5041 1.4671 1.4619
-999.9990 -999.9990 -999.9990 -999.9990 -999.9990 -999.9990 -999.9990 -999.9990 -999.9990 -999.9990 -999.9990 -999.9990 -999.9990 -999.9990 -999.9990 -999.9990 -999.9990 -999.9990 -999.9990 -999.9990 4.4997 4.4998 4.5000 4.5001 4.5003 4.5005 4.5007 4.5008 -999.9990 -999.9990 -999.9990 -999.9990 -999.9990 -999.9990 4.5058 4.5058 4.5058 4.5058 4.5057 4.5056 4.5054 4.5051 4.5048 4.5045 4.5042 4.5039 4.5036 4.5034 4.5033 4.5032 -999.9990 -999.9990 -999.9990 4.4982 -999.9990 5.0690 1.4974 1.5048 1.4659 1.4559
-999.9990 -999.9990 -999.9990 -999.9990 -999.9990 -999.9990 -999.9990 -999.9990 -999.9990 -999.9990 -999.9990 -999.9990 -999.9990 -999.9990 -999.9990 -999.9990 -999.9990 -999.9990 -999.9990 -999.9990 -999.9990 -999.9990 -999.9990 -999.9990 -999.9990 -999.9990 -999.9990 -999.9990 -999.9990 -999.9990 -999.9990 -999.9990 -999.9990 -999.9990 -999.9990 -999.9990 4.5059 4.5059 4.5058 4.5057 4.5054 4.5052 4.5049 4.5046 4.5042 4.5039 4.5037 4.5035 4.5034 4.5033 -999.9990 -999.9990 -999.9990 -999.9990 -999.9990 1.5125 1.5106 1.4974 1.4890 1.4736
-999.9990 -999.9990 -999.9990 -999.9990 -999.9990 -999.9990 -999.9990 -999.9990 -999.9990 -999.9990 -999.9990 -999.9990 -999.9990 -999.9990 -999.9990 -999.9990 -999.9990 -999.9990 -999.9990 -999.9990 -999.9990 -999.9990 -999.9990 -999.9990 -999.9990 -999.9990 -999.9990 -999.9990 -999.9990 -999.9990 -999.9990 -999.9990 -999.9990 -999.9990 -999.9990 -999.9990 -999.9990 -999.9990 -999.9990 -999.9990 -999.9990 -999.9990 -999.9990 -999.9990 -999.9990 -999.9990 -999.9990 -999.9990 -999.9990 -999.9990 -999.9990 -999.9990 -999.9990 -999.9990 -999.9990 1.5068 1.5020 1.4926 1.4850 1.4691
-999.9990 -999.9990 -999.9990 -999.9990 -999.9990 -999.9990 -999.9990 -999.9990 -999.9990 -999.9990 -999.9990 -999.9990 -999.9990 -999.9990 -999.9990 -999.9990 -999.9990 -999.9990 -999.9990 -999.9990 -999.9990 -999.9990 -999.9990 -999.9990 -999.9990 -999.9990 -999.9990 -999.9990 -999.9990 -999.9990 -999.9990 -999.9990 -999.9990 -999.9990 -999.9990 -999.9990 -999.9990 -999.9990 -999.9990 -999.9990 -999.9990 -999.9990 -999.9990 -999.9990 -999.9990 -999.9990 -999.9990 -999.9990 -999.9990 -999.9990 -999.9990 -999.9990 -999.9990 -999.9990 -999.9990 1.5004 1.4991 1.4865 1.4781 1.4620
-999.9990 -999.9990 -999.9990 -999.9990 -999.9990 -999.9990 -999.9990 -999.9990 -999.9990 -999.9990 -999.9990 -999.9990 -999.9990 -999.9990 -999.9990 -999.9990 -999.9990 -999.9990 -999.9990 -999.9990 -999.9990 -999.9990 -999.9990 -999.9990 -999.9990 -999.9990 -999.9990 -999.9990 -999.9990 -999.9990 -999.9990 -999.9990 -999.9990 -999.9990 -999.9990 -999.9990 -999.9990 -999.9990 -999.9990 -999.9990 -999.9990 -999.9990 -999.9990 -999.9990 -999.9990 -999.9990 -999.9990 -999.9990 -999.9990 -999.9990 -999.9990 -999.9990 -999.9990 -999.9990 -999.9990 1.4981 1.4968 1.4846 1.4633 1.4489
-999.9990 -999.9990 -999.9990 -999.9990 -999.9990 -999.9990 -999.9990 -999.9990 -999.9990 -999.9990 -999.9990 -999.9990 -999.9990 -999.9990 -999.9990 -999.9990 -999.9990 -999.9990 -999.9990 -999.9990 -999.9990 -999.9990 -999.9990 -999.9990 -999.9990 -999.9990 -999.9990 -999.9990 -999.9990 -999.9990 -999.9990 -999.9990 -999.9990 -999.9990 -999.9990 -999.9990 -999.9990 -999.9990 -999.9990 -999.9990 -999.9990 -999.9990 -999.9990 -999.9990 -999.9990 -999.9990 -999.9990 -999.9990 -999.9990 -999.9990 -999.9990 -999.9990 -999.9990 -999.9990 -999.9990 1.5005 1.4990 1.4805 1.3757 1.4199
-999.9990 -999.9990 -999.9990 -999.9990 -999.9990 -999.9990 -999.9990 -999.9990 -999.9990 -999.9990 -999.9990 -999.9990 -999.9990 -999.9990 -999.9990 -999.9990 -999.9990 -999.9990 -999.9990 -999.9990 -999.9990 -999.9990 -999.9990 -999.9990 -999.9990 -999.9990 -999.9990 -999.9990 -999.9990 -999.9990 -999.9990 -999.9990 -999.9990 -999.9990 -999.9990 -999.9990 -999.9990 -999.9990 -999.9990 -999.9990 -999.9990 -999.9990 -999.9990 -999.9990 -999.9990 -999.9990 -999.9990 -999.9990 -999.9990 -999.9990 -999.9990 -999.9990 -999.9990 -999.9990 -999.9990 1.5000 1.4749 1.4522 0.7726 1.3048
-999.9990 -999.9990 -999.9990 -999.9990 -999.9990 -999.9990 -999.9990 -999.9990 -999.9990 -999.9990 -999.9990 -999.9990 -999.9990 -999.9990 -999.9990 -999.9990 -999.9990 -999.9990 -999.9990 -999.9990 -999.9990 -999.9990 -999.9990 -999.9990 -999.9990 -999.9990 -999.9990 -999.9990 -999.9990 -999.9990 -999.9990 -999.9990 -999.9990 -999.9990 -999.9990 -999.9990 -999.9990 -999.9990 -999.9990 -999.9990 -999.9990 -999.9990 -999.9990 -999.9990 -999.9990 -999.9990 -999.9990 -999.9990 -999.9990 -999.9990 -999.9990 -999.9990 -999.9990 -999.9990 -999.9990 1.4875 1.3671 0.7194 0.9719 0.4665
-999.9990 -999.9990 -999.9990 -999.9990 -999.9990 -999.9990 -999.9990 -999.9990 -999.9990 -999.9990 -999.9990 -999.9990 -999.9990 -999.9990 -999.9990 -999.9990 -999.9990 -999.9990 -999.9990 -999.9990 -999.9990 -999.9990 -999.9990 -999.9990 -999.9990 -999.9990 -999.9990 -999.9990 -999.9990 -999.9990 -999.9990 -999.9990 -999.9990 -999.9990 -999.9990 -999.9990 -999.9990 -999.9990 -999.9990 -999.9990 -999.9990 -999.9990 -999.9990 -999.9990 -999.9990 -999.9990 -999.9990 -999.9990 -999.9990 -999.9990 -999.9990 -999.9990 -999.9990 -999.9990 -999.9990 1.3578 1.3164 1.1746 0.3573 1.0828
-999.9990 -999.9990 -999.9990 -999.9990 -999.9990 -999.9990 -999.9990 -999.9990 -999.9990 -999.9990 -999.9990 -999.9990 -999.9990 -999.9990 -999.9990 -999.9990 -999.9990 -999.9990 -999.9990 -999.9990 -999.9990 -999.9990 -999.9990 -999.9990 -999.9990 -999.9990 -999.9990 -999.9990 -999.9990 -999.9990 -999.9990 -999.9990 -999.9990 -999.9990 -999.9990 -999.9990 -999.9990 -999.9990 -999.9990 -999.9990 -999.9990 -999.9990 -999.9990 -999.9990 -999.9990 -999.9990 -999.9990 -999.9990 -999.9990 -999.9990 -999.9990 -999.9990 -999.9990 -999.9990 1.2079 1.2226 1.2334 1.1776 1.0262 1.1618
-999.9990 -999.9990 -999.9990 -999.9990 -999.9990 -999.9990 -999.9990 -999.9990 -999.9990 -999.9990 -999.9990 -999.9990 -999.9990 -999.9990 -999.9990 -999.9990 -999.9990 -999.9990 -999.9990 -999.9990 -999.9990 -999.9990 -999.9990 -999.9990 -999.9990 -999.9990 -999.9990 -999.9990 -999.9990 -999.9990 -999.9990 -999.9990 -999.9990 -999.9990 -999.9990 -999.9990 -999.9990 -999.9990 -999.9990 -999.9990 -999.9990 -999.9990 -999.9990 -999.9990 -999.9990 -999.9990 -999.9990 -999.9990 -999.9990 -999.9990 -999.9990 -999.9990 -999.9990 -999.9990 1.2232 1.2194 1.2056 1.1820 1.1527 1.1679
-999.9990 -999.9990 -999.9990 -999.9990 -999.9990 -999.9990 -999.9990 -999.9990 -999.9990 -999.9990 -999.9990 -999.9990 -999.9990 -999.9990 -999.9990 -999.9990 -999.9990 -999.9990 -999.9990 -999.9990 -999.9990 -999.9990 -999.9990 -999.9990 -999.9990 -999.9990 -999.9990 -999.9990 -999.9990 -999.9990 -999.9990 -999.9990 -999.9990 -999.9990 -999.9990 -999.9990 -999.9990 -999.9990 -999.9990 -999.9990 -999.9990 -999.9990 -999.9990 -999.9990 -999.9990 -999.9990 -999.9990 -999.9990 -999.9990 -999.9990 -999.9990 -999.9990 -999.9990 -999.9990 1.2046 1.2010 1.1960 1.1804 1.1667 1.1656
-999.9990 -999.9990 -999.9990 -999.9990 -999.9990 -999.9990 -999.9990 -999.9990 -999.9990 -999.9990 -999.9990 -999.9990 -999.9990 -999.9990 -999.9990 -999.9990 -999.9990 -999.9990 -999.9990 -999.9990 -999.9990 -999.9990 -999.9990 -999.9990 -999.9990 -999.9990 -999.9990 -999.9990 -999.9990 -999.9990 -999.9990 -999.9990 -999.9990 -999.9990 -999.9990 -999.9990 -999.9990 -999.9990 -999.9990 -999.9990 -999.9990 -999.9990 -999.9990 -999.9990 -999.9990 -999.9990 -999.9990 -999.9990 -999.9990 -999.9990 -999.9990 -999.9990 -999.9990 -999.9990 1.1807 1.1777 1.1745 1.1685 1.1644 1.1627
